           1   1.0000000000000000        1.0000000000000000        0.0000000000000000        1.0000000000000002E-004
           2   1.0020020013340003        1.0020000000000000        2.0013340003011137E-006   1.0020020013340004E-004
           3   1.0040080106773419        1.0040039999999999        4.0106773420145458E-006   1.0040080106773421E-004
           4   1.0060180360540649        1.0060120079999999        6.0280540650214931E-006   1.0060180360540651E-004
           5   1.0080320855042735        1.0080240320159999        8.0534882735960878E-006   1.0080320855042737E-004
           6   1.0100501670841679        1.0100400800800320        1.0087004135961308E-005   1.0100501670841681E-004
           7   1.0120722888660778        1.0120601602401920        1.2128625885843292E-005   1.0120722888660780E-004
           8   1.0140984589384923        1.0140842805606725        1.4178377819806798E-005   1.0140984589384925E-004
           9   1.0161286854060949        1.0161124491217939        1.6236284301029968E-005   1.0161286854060951E-004
          10   1.0181629763897937        1.0181446740200375        1.8302369756195702E-005   1.0181629763897938E-004
          11   1.0202013400267558        1.0201809633680776        2.0376658678156190E-005   1.0202013400267559E-004
          12   1.0222437844704382        1.0222213252948138        2.2459175624378602E-005   1.0222437844704383E-004
          13   1.0242903178906215        1.0242657679454035        2.4549945218055313E-005   1.0242903178906218E-004
          14   1.0263409484734420        1.0263142994812944        2.6648992147659811E-005   1.0263409484734422E-004
          15   1.0283956844214250        1.0283669280802570        2.8756341168056920E-005   1.0283956844214253E-004
          16   1.0304545339535169        1.0304236619364175        3.0872017099392579E-005   1.0304545339535171E-004
          17   1.0325175053051183        1.0324845092602903        3.2996044827982018E-005   1.0325175053051185E-004
          18   1.0345846067281179        1.0345494782788109        3.5128449306975895E-005   1.0345846067281181E-004
          19   1.0366558464909237        1.0366185772353687        3.7269255555028025E-005   1.0366558464909238E-004
          20   1.0387312328784977        1.0386918143898394        3.9418488658293782E-005   1.0387312328784979E-004
          21   1.0408107741923882        1.0407691980186191        4.1576173769097835E-005   1.0408107741923883E-004
          22   1.0428944787507632        1.0428507364146564        4.3742336106822322E-005   1.0428944787507634E-004
          23   1.0449823548884438        1.0449364378874857        4.5917000958128895E-005   1.0449823548884440E-004
          24   1.0470744109569372        1.0470263107632607        4.8100193676514635E-005   1.0470744109569374E-004
          25   1.0491706553244706        1.0491203633847872        5.0291939683422271E-005   1.0491706553244708E-004
          26   1.0512710963760241        1.0512186041115568        5.2492264467352001E-005   1.0512710963760243E-004
          27   1.0533757425133647        1.0533210413197798        5.4701193584971719E-005   1.0533757425133649E-004
          28   1.0554846021550801        1.0554276834024194        5.6918752660672922E-005   1.0554846021550804E-004
          29   1.0575976837366112        1.0575385387692242        5.9144967387014802E-005   1.0575976837366114E-004
          30   1.0597149957102876        1.0596536158467627        6.1379863524946288E-005   1.0597149957102878E-004
          31   1.0618365465453596        1.0617729230784563        6.3623466903361958E-005   1.0618365465453598E-004
          32   1.0639623447280337        1.0638964689246131        6.5875803420656354E-005   1.0639623447280340E-004
          33   1.0660923987615052        1.0660242618624622        6.8136899042947618E-005   1.0660923987615054E-004
          34   1.0682267171659934        1.0681563103861871        7.0406779806297948E-005   1.0682267171659936E-004
          35   1.0703653084787743        1.0702926230069594        7.2685471814937230E-005   1.0703653084787745E-004
          36   1.0725081812542165        1.0724332082529733        7.4973001243261450E-005   1.0725081812542168E-004
          37   1.0746553440638136        1.0745780746694793        7.7269394334278374E-005   1.0746553440638137E-004
          38   1.0768068054962199        1.0767272308188183        7.9574677401605953E-005   1.0768068054962201E-004
          39   1.0789625741572839        1.0788806852804560        8.1888876827918011E-005   1.0789625741572841E-004
          40   1.0811226586700831        1.0810384466510170        8.4212019066054467E-005   1.0811226586700832E-004
          41   1.0832870676749586        1.0832005235443189        8.6544130639687467E-005   1.0832870676749588E-004
          42   1.0854558098295490        1.0853669245914075        8.8885238141545031E-005   1.0854558098295493E-004
          43   1.0876288938088261        1.0875376584405902        9.1235368235853542E-005   1.0876288938088263E-004
          44   1.0898063283051287        1.0897127337574715        9.3594547657227523E-005   1.0898063283051289E-004
          45   1.0919881220281975        1.0918921592249864        9.5962803211113723E-005   1.0919881220281976E-004
          46   1.0941742837052104        1.0940759435434364        9.8340161774013168E-005   1.0941742837052106E-004
          47   1.0963648220808171        1.0962640954305232        1.0072665029392525E-004   1.0963648220808172E-004
          48   1.0985597459171736        1.0984566236213842        1.0312229578945953E-004   1.0985597459171738E-004
          49   1.1007590639939788        1.1006535368686270        1.0552712535183417E-004   1.1007590639939790E-004
          50   1.1029627851085078        1.1028548439423642        1.0794116614354365E-004   1.1029627851085079E-004
          51   1.1051709180756477        1.1050605536302489        1.1036444539880286E-004   1.1051709180756479E-004
          52   1.1073834717279334        1.1072706747375094        1.1279699042399116E-004   1.1073834717279336E-004
          53   1.1096004549155825        1.1094852160869844        1.1523882859809653E-004   1.1096004549155827E-004
          54   1.1118218765065309        1.1117041865191584        1.1768998737249348E-004   1.1118218765065311E-004
          55   1.1140477453864677        1.1139275948921967        1.2015049427094304E-004   1.1140477453864678E-004
          56   1.1162780704588713        1.1161554500819810        1.2262037689025895E-004   1.1162780704588714E-004
          57   1.1185128606450452        1.1183877609821451        1.2509966290008556E-004   1.1185128606450453E-004
          58   1.1207521248841530        1.1206245365041094        1.2758838004356399E-004   1.1207521248841532E-004
          59   1.1229958721332547        1.1228657855771176        1.3008655613711007E-004   1.1229958721332549E-004
          60   1.1252441113673424        1.1251115171482717        1.3259421907063640E-004   1.1252441113673426E-004
          61   1.1274968515793757        1.1273617401825682        1.3511139680755235E-004   1.1274968515793759E-004
          62   1.1297541017803188        1.1296164636629333        1.3763811738543019E-004   1.1297541017803190E-004
          63   1.1320158709991752        1.1318756965902592        1.4017440891600508E-004   1.1320158709991754E-004
          64   1.1342821682830251        1.1341394479834397        1.4272029958539711E-004   1.1342821682830253E-004
          65   1.1365530026970603        1.1364077268794066        1.4527581765366726E-004   1.1365530026970605E-004
          66   1.1388283833246218        1.1386805423331654        1.4784099145637164E-004   1.1388283833246220E-004
          67   1.1411083192672351        1.1409579034178317        1.5041584940345132E-004   1.1411083192672353E-004
          68   1.1433928196446470        1.1432398192246673        1.5300041997967639E-004   1.1433928196446472E-004
          69   1.1456818935948618        1.1455262988631167        1.5559473174509009E-004   1.1456818935948620E-004
          70   1.1479755502741786        1.1478173514608430        1.5819881333567487E-004   1.1479755502741788E-004
          71   1.1502737988572274        1.1501129861637647        1.6081269346268634E-004   1.1502737988572275E-004
          72   1.1525766485370050        1.1524132121360922        1.6343640091287526E-004   1.1525766485370052E-004
          73   1.1548841085249135        1.1547180385603644        1.6606996454915368E-004   1.1548841085249137E-004
          74   1.1571961880507962        1.1570274746374851        1.6871341331103906E-004   1.1571961880507964E-004
          75   1.1595128963629739        1.1593415295867602        1.7136677621376606E-004   1.1595128963629741E-004
          76   1.1618342427282831        1.1616602126459337        1.7403008234939676E-004   1.1618342427282833E-004
          77   1.1641602364321124        1.1639835330712256        1.7670336088682070E-004   1.1641602364321127E-004
          78   1.1664908867784396        1.1663115001373681        1.7938664107153279E-004   1.1664908867784399E-004
          79   1.1688262030898691        1.1686441231376428        1.8207995222629947E-004   1.1688262030898693E-004
          80   1.1711661947076695        1.1709814113839181        1.8478332375138073E-004   1.1711661947076697E-004
          81   1.1735108709918103        1.1733233742066860        1.8749678512430812E-004   1.1735108709918105E-004
          82   1.1758602413209998        1.1756700209550994        1.9022036590032876E-004   1.1758602413210000E-004
          83   1.1782143150927222        1.1780213609970096        1.9295409571262745E-004   1.1782143150927224E-004
          84   1.1805731017232761        1.1803774037190036        1.9569800427254869E-004   1.1805731017232764E-004
          85   1.1829366106478107        1.1827381585264416        1.9845212136915258E-004   1.1829366106478110E-004
          86   1.1853048513203654        1.1851036348434945        2.0121647687099120E-004   1.1853048513203657E-004
          87   1.1876778332139060        1.1874738421131814        2.0399110072455429E-004   1.1876778332139062E-004
          88   1.1900555658203626        1.1898487897974077        2.0677602295493536E-004   1.1900555658203628E-004
          89   1.1924380586506695        1.1922284873770026        2.0957127366694195E-004   1.1924380586506698E-004
          90   1.1948253212348008        1.1946129443517566        2.1237688304420743E-004   1.1948253212348010E-004
          91   1.1972173631218102        1.1970021702404601        2.1519288135007919E-004   1.1972173631218104E-004
          92   1.1996141938798683        1.1993961745809409        2.1801929892739658E-004   1.1996141938798686E-004
          93   1.2020158230963014        1.2017949669301029        2.2085616619849091E-004   1.2020158230963016E-004
          94   1.2044222603776298        1.2041985568639630        2.2370351366673979E-004   1.2044222603776301E-004
          95   1.2068335153496053        1.2066069539776909        2.2656137191434667E-004   1.2068335153496055E-004
          96   1.2092495976572515        1.2090201678856463        2.2942977160522737E-004   1.2092495976572517E-004
          97   1.2116705169649005        1.2114382082214175        2.3230874348301178E-004   1.2116705169649007E-004
          98   1.2140962829562332        1.2138610846378604        2.3519831837282013E-004   1.2140962829562334E-004
          99   1.2165269053343162        1.2162888068071360        2.3809852718015279E-004   1.2165269053343164E-004
         100   1.2189623938216427        1.2187213844207503        2.4100940089244460E-004   1.2189623938216429E-004
