   -1.000000000000 -0.000000000000  0.000000000000 -1.000000000000
   -0.937500000000  0.059205954346  0.059232378898  0.000446315782
   -0.875000000000  0.111205423947  0.111257723089  0.000470293087
   -0.812500000000  0.156597725861  0.156674830535  0.000492374162
   -0.750000000000  0.195968919616  0.196069300868  0.000512230474
   -0.687500000000  0.229885517866  0.230007269554  0.000529618781
   -0.625000000000  0.258888583199  0.259029521488  0.000544397465
   -0.562500000000  0.283488306467  0.283646078118  0.000556536713
   -0.500000000000  0.304159136931  0.304331327783  0.000566120926
   -0.437500000000  0.321335507243  0.321519742443  0.000573342181
   -0.375000000000  0.335408168953  0.335602197352  0.000578484419
   -0.312500000000  0.346721128997  0.346922885652  0.000581898932
   -0.250000000000  0.355569156334  0.355776799045  0.000583972787
   -0.187500000000  0.362195812157  0.362407730331  0.000585092834
   -0.125000000000  0.366791947874  0.367006744424  0.000585608683
   -0.062500000000  0.369494612783  0.369711062162  0.000585798471
    0.000000000000  0.370386317884  0.370603305431  0.000585841154
    0.062500000000  0.369494612783  0.369711062162  0.000585798471
    0.125000000000  0.366791947874  0.367006744424  0.000585608683
    0.187500000000  0.362195812157  0.362407730331  0.000585092834
    0.250000000000  0.355569156334  0.355776799045  0.000583972787
    0.312500000000  0.346721128997  0.346922885652  0.000581898932
    0.375000000000  0.335408168953  0.335602197352  0.000578484419
    0.437500000000  0.321335507243  0.321519742443  0.000573342181
    0.500000000000  0.304159136931  0.304331327783  0.000566120926
    0.562500000000  0.283488306467  0.283646078118  0.000556536713
    0.625000000000  0.258888583199  0.259029521488  0.000544397465
    0.687500000000  0.229885517866  0.230007269554  0.000529618781
    0.750000000000  0.195968919616  0.196069300868  0.000512230474
    0.812500000000  0.156597725861  0.156674830535  0.000492374162
    0.875000000000  0.111205423947  0.111257723089  0.000470293087
    0.937500000000  0.059205954346  0.059232378898  0.000446315782
    1.000000000000 -0.000000000000  0.000000000000 -1.000000000000
   -1.000000000000 -0.000000000000  0.000000000000 -1.000000000000
   -0.937500000000  0.112515006050  0.112530656447  0.000139096082
   -0.875000000000  0.217300130095  0.217331280166  0.000143350449
   -0.812500000000  0.314437194471  0.314483544224  0.000147405442
   -0.750000000000  0.404006437866  0.404067540928  0.000151242794
   -0.687500000000  0.486085742574  0.486161010489  0.000154844935
   -0.625000000000  0.560749884448  0.560838592345  0.000158195123
   -0.562500000000  0.628069812767  0.628171106340  0.000161277570
   -0.500000000000  0.688111966955  0.688224870691  0.000164077566
   -0.437500000000  0.740937636733  0.741061063308  0.000166581597
   -0.375000000000  0.786602371866  0.786735132614  0.000168777457
   -0.312500000000  0.825155447190  0.825296263553  0.000170654346
   -0.250000000000  0.856639388066  0.856786903905  0.000172202961
   -0.187500000000  0.881089560837  0.881242355494  0.000173415580
   -0.125000000000  0.898533832234  0.898690434212  0.000174286124
   -0.062500000000  0.908992301001  0.909151202139  0.000174810214
    0.000000000000  0.912477104336  0.912636774329  0.000174985205
    0.062500000000  0.908992301001  0.909151202139  0.000174810214
    0.125000000000  0.898533832234  0.898690434212  0.000174286124
    0.187500000000  0.881089560837  0.881242355494  0.000173415580
    0.250000000000  0.856639388066  0.856786903905  0.000172202961
    0.312500000000  0.825155447190  0.825296263553  0.000170654346
    0.375000000000  0.786602371866  0.786735132614  0.000168777457
    0.437500000000  0.740937636733  0.741061063308  0.000166581597
    0.500000000000  0.688111966955  0.688224870691  0.000164077566
    0.562500000000  0.628069812767  0.628171106340  0.000161277570
    0.625000000000  0.560749884448  0.560838592345  0.000158195123
    0.687500000000  0.486085742574  0.486161010489  0.000154844935
    0.750000000000  0.404006437866  0.404067540928  0.000151242794
    0.812500000000  0.314437194471  0.314483544224  0.000147405442
    0.875000000000  0.217300130095  0.217331280166  0.000143350449
    0.937500000000  0.112515006050  0.112530656447  0.000139096082
    1.000000000000 -0.000000000000  0.000000000000 -1.000000000000
