   -1.000000000000 -0.000000000000  0.000000000000 -1.000000000000
   -0.750000000000  0.195968919616  0.197611599658  0.008382349843
   -0.500000000000  0.304159136931  0.306992565502  0.009315612214
   -0.250000000000  0.355569156334  0.359007612775  0.009670288831
    0.000000000000  0.370386317884  0.373989939533  0.009729359524
    0.250000000000  0.355569156334  0.359007612775  0.009670288831
    0.500000000000  0.304159136931  0.306992565502  0.009315612214
    0.750000000000  0.195968919616  0.197611599658  0.008382349843
    1.000000000000 -0.000000000000  0.000000000000 -1.000000000000
   -1.000000000000 -0.000000000000  0.000000000000 -1.000000000000
   -0.750000000000  0.404006437866  0.404992694336  0.002441189986
   -0.500000000000  0.688111966955  0.689934331280  0.002648354356
   -0.250000000000  0.856639388066  0.859020421791  0.002779505307
    0.000000000000  0.912477104336  0.915054316664  0.002824413145
    0.250000000000  0.856639388066  0.859020421791  0.002779505307
    0.500000000000  0.688111966955  0.689934331280  0.002648354356
    0.750000000000  0.404006437866  0.404992694336  0.002441189986
    1.000000000000 -0.000000000000  0.000000000000 -1.000000000000
