                0.00000000                  0.00789063                  0.01578125
                0.00000000                  0.01578125                  0.03156250
                0.00000000                  0.02367187                  0.04734375
                0.00000000                  0.03156250                  0.06312500
                0.00000000                  0.03945313                  0.07890625
                0.00000000                  0.04734375                  0.09468750
                0.00000000                  0.05523438                  0.11046875
                0.00000000                  0.06312500                  0.12625000
                0.00000000                  0.07101562                  0.14189774
                0.00000000                  0.07890625                  0.15755617
                0.00000000                  0.08679687                  0.17294173
                0.00000000                  0.09468750                  0.18835455
                0.00000000                  0.10257812                  0.20338382
                0.00000000                  0.11046875                  0.21845899
                0.00000000                  0.11835937                  0.23307059
                0.00000000                  0.12625000                  0.24774682
                0.00000000                  0.13414062                  0.26190431
                0.00000000                  0.14203125                  0.27614428
                0.00000000                  0.14992187                  0.28982883
                0.00000000                  0.15781250                  0.30361251
                0.00000000                  0.16570312                  0.31681736
                0.00000000                  0.17359375                  0.33013673
                0.00000000                  0.18148437                  0.34286323
                0.00000000                  0.18937500                  0.35571840
                0.00000000                  0.19726562                  0.36797321
                0.00000000                  0.20515625                  0.38036975
                0.00000000                  0.21304687                  0.39216299
                0.00000000                  0.22093750                  0.40411003
                0.00000000                  0.22882812                  0.41545395
                0.00000000                  0.23671875                  0.42696289
                0.00000000                  0.24460938                  0.43787102
                0.00000000                  0.25250000                  0.44895462
                0.00000000                  0.26039063                  0.45944113
                0.00000000                  0.26828125                  0.47011294
                0.00000000                  0.27617188                  0.48019228
                0.00000000                  0.28406250                  0.49046617
                0.00000000                  0.29195313                  0.50015279
                0.00000000                  0.29984375                  0.51004271
                0.00000000                  0.30773438                  0.51935087
                0.00000000                  0.31562500                  0.52887066
                0.00000000                  0.32351563                  0.53781435
                0.00000000                  0.33140625                  0.54697758
                0.00000000                  0.33929688                  0.55557043
                0.00000000                  0.34718750                  0.56439036
                0.00000000                  0.35507813                  0.57264558
                0.00000000                  0.36296875                  0.58113511
                0.00000000                  0.37085938                  0.58906549
                0.00000000                  0.37875000                  0.59723711
                0.00000000                  0.38664063                  0.60485501
                0.00000000                  0.39453125                  0.61272079
                0.00000000                  0.40242188                  0.62003813
                0.00000000                  0.41031250                  0.62760974
                0.00000000                  0.41820313                  0.63463802
                0.00000000                  0.42609375                  0.64192670
                0.00000000                  0.43398438                  0.64867696
                0.00000000                  0.44187500                  0.65569354
                0.00000000                  0.44976563                  0.66217645
                0.00000000                  0.45765625                  0.66893137
                0.00000000                  0.46554688                  0.67515717
                0.00000000                  0.47343750                  0.68166047
                0.00000000                  0.48132813                  0.68763903
                0.00000000                  0.48921875                  0.69390037
                0.00000000                  0.49710938                  0.69964117
                0.00000000                  0.50500000                  0.70566985
                0.00000000                  0.51289063                  0.71118201
                0.00000000                  0.52078125                  0.71698698
                0.00000000                  0.52867188                  0.72227928
                0.00000000                  0.53656250                  0.72786914
                0.00000000                  0.54445313                  0.73295002
                0.00000000                  0.55234375                  0.73833304
                0.00000000                  0.56023438                  0.74321061
                0.00000000                  0.56812500                  0.74839475
                0.00000000                  0.57601563                  0.75307682
                0.00000000                  0.58390625                  0.75806973
                0.00000000                  0.59179688                  0.76256380
                0.00000000                  0.59968750                  0.76737284
                0.00000000                  0.60757813                  0.77168613
                0.00000000                  0.61546875                  0.77631837
                0.00000000                  0.62335938                  0.78045782
                0.00000000                  0.63125000                  0.78492007
                0.00000000                  0.63914063                  0.78889235
                0.00000000                  0.64703125                  0.79319116
                0.00000000                  0.65492188                  0.79700268
                0.00000000                  0.66281250                  0.80114433
                0.00000000                  0.67070313                  0.80480126
                0.00000000                  0.67859375                  0.80879181
                0.00000000                  0.68648438                  0.81230009
                0.00000000                  0.69437500                  0.81614535
                0.00000000                  0.70226563                  0.81951068
                0.00000000                  0.71015625                  0.82321624
                0.00000000                  0.71804688                  0.82644411
                0.00000000                  0.72593750                  0.83001536
                0.00000000                  0.73382813                  0.83311103
                0.00000000                  0.74171875                  0.83655314
                0.00000000                  0.74960938                  0.83952169
                0.00000000                  0.75750000                  0.84283963
                0.00000000                  0.76539063                  0.84568595
                0.00000000                  0.77328125                  0.84888449
                0.00000000                  0.78117188                  0.85161325
                0.00000000                  0.78906250                  0.85469701
                0.00000000                  0.79695313                  0.85731273
                0.00000000                  0.80484375                  0.86028612
                0.00000000                  0.81273438                  0.86279313
                0.00000000                  0.82062500                  0.86566041
                0.00000000                  0.82851563                  0.86806288
                0.00000000                  0.83640625                  0.87082813
                0.00000000                  0.84429688                  0.87313006
                0.00000000                  0.85218750                  0.87579722
                0.00000000                  0.86007813                  0.87800248
                0.00000000                  0.86796875                  0.88057532
                0.00000000                  0.87585938                  0.88268760
                0.00000000                  0.88375000                  0.88516976
                0.00000000                  0.89164063                  0.88719264
                0.00000000                  0.89953125                  0.88958762
                0.00000000                  0.90742188                  0.89152452
                0.00000000                  0.91531250                  0.89383567
                0.00000000                  0.92320313                  0.89568988
                0.00000000                  0.93109375                  0.89792044
                0.00000000                  0.93898438                  0.89969513
                0.00000000                  0.94687500                  0.90184821
                0.00000000                  0.95476562                  0.90354643
                0.00000000                  0.96265625                  0.90562501
                0.00000000                  0.97054687                  0.90724970
                0.00000000                  0.97843750                  0.90925665
                0.00000000                  0.98632812                  0.91081061
                0.00000000                  0.99421875                  0.91274870
                0.00000000                  1.00210937                  0.91423465
                0.00000000                  1.01000000                  0.91610654
                0.00000000                  1.01789062                  0.91752707
                0.00000000                  1.02578125                  0.91933531
                0.00000000                  1.03367187                  0.92069294
                0.00000000                  1.04156250                  0.92243999
                0.00000000                  1.04945312                  0.92373711
                0.00000000                  1.05734375                  0.92542533
                0.00000000                  1.06523437                  0.92666427
                0.00000000                  1.07312500                  0.92829593
                0.00000000                  1.08101562                  0.92947892
                0.00000000                  1.08890625                  0.93105620
                0.00000000                  1.09679687                  0.93218537
                0.00000000                  1.10468750                  0.93371037
                0.00000000                  1.11257812                  0.93478779
                0.00000000                  1.12046875                  0.93626254
                0.00000000                  1.12835937                  0.93729017
                0.00000000                  1.13625000                  0.93871661
                0.00000000                  1.14414062                  0.93969637
                0.00000000                  1.15203125                  0.94107635
                0.00000000                  1.15992187                  0.94201007
                0.00000000                  1.16781250                  0.94334541
                0.00000000                  1.17570312                  0.94423484
                0.00000000                  1.18359375                  0.94552724
                0.00000000                  1.19148437                  0.94637409
                0.00000000                  1.19937500                  0.94762523
                0.00000000                  1.20726562                  0.94843110
                0.00000000                  1.21515625                  0.94964257
                0.00000000                  1.22304687                  0.95040905
                0.00000000                  1.23093750                  0.95158238
                0.00000000                  1.23882812                  0.95231096
                0.00000000                  1.24671875                  0.95344764
                0.00000000                  1.25460937                  0.95413977
                0.00000000                  1.26250000                  0.95524120
                0.00000000                  1.27039062                  0.95589828
                0.00000000                  1.27828125                  0.95696583
                0.00000000                  1.28617187                  0.95758918
                0.00000000                  1.29406250                  0.95862418
                0.00000000                  1.30195312                  0.95921510
                0.00000000                  1.30984375                  0.96021878
                0.00000000                  1.31773437                  0.96077851
                0.00000000                  1.32562500                  0.96175210
                0.00000000                  1.33351562                  0.96228182
                0.00000000                  1.34140625                  0.96322649
                0.00000000                  1.34929687                  0.96372734
                0.00000000                  1.35718750                  0.96464422
                0.00000000                  1.36507812                  0.96511730
                0.00000000                  1.37296875                  0.96600745
                0.00000000                  1.38085937                  0.96645383
                0.00000000                  1.38875000                  0.96731829
                0.00000000                  1.39664062                  0.96773897
                0.00000000                  1.40453125                  0.96857876
                0.00000000                  1.41242187                  0.96897472
                0.00000000                  1.42031250                  0.96979077
                0.00000000                  1.42820312                  0.97016296
                0.00000000                  1.43609375                  0.97095621
                0.00000000                  1.44398437                  0.97130553
                0.00000000                  1.45187500                  0.97207686
                0.00000000                  1.45976562                  0.97240417
                0.00000000                  1.46765625                  0.97315443
                0.00000000                  1.47554687                  0.97346058
                0.00000000                  1.48343750                  0.97419060
                0.00000000                  1.49132812                  0.97447638
                0.00000000                  1.49921875                  0.97518694
                0.00000000                  1.50710937                  0.97545313
                0.00000000                  1.51500000                  0.97614499
                0.00000000                  1.52289062                  0.97639233
                0.00000000                  1.53078125                  0.97706622
                0.00000000                  1.53867187                  0.97729543
                0.00000000                  1.54656250                  0.97795204
                0.00000000                  1.55445312                  0.97816381
                0.00000000                  1.56234375                  0.97880382
                0.00000000                  1.57023437                  0.97899880
                0.00000000                  1.57812500                  0.97962287
                0.00000000                  1.58601562                  0.97980170
                0.00000000                  1.59390625                  0.98041044
                0.00000000                  1.60179687                  0.98057373
                0.00000000                  1.60968750                  0.98116774
                0.00000000                  1.61757812                  0.98131607
                0.00000000                  1.62546875                  0.98189595
                0.00000000                  1.63335937                  0.98202989
                0.00000000                  1.64125000                  0.98259616
                0.00000000                  1.64914062                  0.98271625
                0.00000000                  1.65703125                  0.98326947
                0.00000000                  1.66492187                  0.98337624
                0.00000000                  1.67281250                  0.98391690
                0.00000000                  1.68070312                  0.98401084
                0.00000000                  1.68859375                  0.98453945
                0.00000000                  1.69648437                  0.98462105
                0.00000000                  1.70437500                  0.98513808
                0.00000000                  1.71226562                  0.98520781
                0.00000000                  1.72015625                  0.98571370
                0.00000000                  1.72804687                  0.98577200
                0.00000000                  1.73593750                  0.98626720
                0.00000000                  1.74382812                  0.98631450
                0.00000000                  1.75171875                  0.98679944
                0.00000000                  1.75960937                  0.98683614
                0.00000000                  1.76750000                  0.98731122
                0.00000000                  1.77539062                  0.98733773
                0.00000000                  1.78328125                  0.98780333
                0.00000000                  1.79117187                  0.98782004
                0.00000000                  1.79906250                  0.98827654
                0.00000000                  1.80695312                  0.98828380
                0.00000000                  1.81484375                  0.98873156
                0.00000000                  1.82273437                  0.98872973
                0.00000000                  1.83062500                  0.98916910
                0.00000000                  1.83851562                  0.98915851
                0.00000000                  1.84640625                  0.98958982
                0.00000000                  1.85429687                  0.98957081
                0.00000000                  1.86218750                  0.98999438
                0.00000000                  1.87007812                  0.98996725
                0.00000000                  1.87796875                  0.99038339
                0.00000000                  1.88585937                  0.99034845
                0.00000000                  1.89375000                  0.99075746
                0.00000000                  1.90164062                  0.99071500
                0.00000000                  1.90953125                  0.99111715
                0.00000000                  1.91742187                  0.99106745
                0.00000000                  1.92531250                  0.99146302
                0.00000000                  1.93320312                  0.99140634
                0.00000000                  1.94109375                  0.99179561
                0.00000000                  1.94898437                  0.99173221
                0.00000000                  1.95687500                  0.99211541
                0.00000000                  1.96476562                  0.99204554
                0.00000000                  1.97265625                  0.99242293
                0.00000000                  1.98054687                  0.99234683
                0.00000000                  1.98843750                  0.99271863
                0.00000000                  1.99632812                  0.99263653
                0.00000000                  2.00421875                  0.99300298
                0.00000000                  2.01210937                  0.99291509
                0.00000000                  2.02000000                  0.99327640
                0.00000000                  2.02789062                  0.99318294
                0.00000000                  2.03578125                  0.99353931
                0.00000000                  2.04367187                  0.99344048
                0.00000000                  2.05156250                  0.99379213
                0.00000000                  2.05945312                  0.99368812
                0.00000000                  2.06734375                  0.99403523
                0.00000000                  2.07523437                  0.99392624
                0.00000000                  2.08312500                  0.99426899
                0.00000000                  2.09101562                  0.99415520
                0.00000000                  2.09890625                  0.99449377
                0.00000000                  2.10679687                  0.99437536
                0.00000000                  2.11468750                  0.99470992
                0.00000000                  2.12257812                  0.99458704
                0.00000000                  2.13046875                  0.99491777
                0.00000000                  2.13835937                  0.99479059
                0.00000000                  2.14625000                  0.99511763
                0.00000000                  2.15414062                  0.99498630
                0.00000000                  2.16203125                  0.99530982
                0.00000000                  2.16992187                  0.99517449
                0.00000000                  2.17781250                  0.99549462
                0.00000000                  2.18570312                  0.99535544
                0.00000000                  2.19359375                  0.99567233
                0.00000000                  2.20148437                  0.99552943
                0.00000000                  2.20937500                  0.99584321
                0.00000000                  2.21726562                  0.99569672
                0.00000000                  2.22515625                  0.99600753
                0.00000000                  2.23304687                  0.99585758
                0.00000000                  2.24093750                  0.99616553
                0.00000000                  2.24882812                  0.99601226
                0.00000000                  2.25671875                  0.99631747
                0.00000000                  2.26460937                  0.99616098
                0.00000000                  2.27250000                  0.99646358
                0.00000000                  2.28039062                  0.99630398
                0.00000000                  2.28828125                  0.99660407
                0.00000000                  2.29617187                  0.99644147
                0.00000000                  2.30406250                  0.99673917
                0.00000000                  2.31195312                  0.99657368
                0.00000000                  2.31984375                  0.99686909
                0.00000000                  2.32773437                  0.99670080
                0.00000000                  2.33562500                  0.99699401
                0.00000000                  2.34351562                  0.99682303
                0.00000000                  2.35140625                  0.99711414
                0.00000000                  2.35929687                  0.99694055
                0.00000000                  2.36718750                  0.99722965
                0.00000000                  2.37507812                  0.99705355
                0.00000000                  2.38296875                  0.99734074
                0.00000000                  2.39085937                  0.99716221
                0.00000000                  2.39875000                  0.99744755
                0.00000000                  2.40664062                  0.99726668
                0.00000000                  2.41453125                  0.99755027
                0.00000000                  2.42242187                  0.99736713
                0.00000000                  2.43031250                  0.99764904
                0.00000000                  2.43820312                  0.99746371
                0.00000000                  2.44609375                  0.99774403
                0.00000000                  2.45398437                  0.99755658
                0.00000000                  2.46187500                  0.99783536
                0.00000000                  2.46976562                  0.99764587
                0.00000000                  2.47765625                  0.99792320
                0.00000000                  2.48554687                  0.99773172
                0.00000000                  2.49343750                  0.99800766
                0.00000000                  2.50132812                  0.99781427
                0.00000000                  2.50921875                  0.99808888
                0.00000000                  2.51710937                  0.99789364
                0.00000000                  2.52500000                  0.99816698
                0.00000000                  2.53289062                  0.99796995
                0.00000000                  2.54078125                  0.99824209
                0.00000000                  2.54867187                  0.99804333
                0.00000000                  2.55656250                  0.99831432
                0.00000000                  2.56445312                  0.99811387
                0.00000000                  2.57234375                  0.99838377
                0.00000000                  2.58023437                  0.99818170
                0.00000000                  2.58812500                  0.99845057
                0.00000000                  2.59601562                  0.99824692
                0.00000000                  2.60390625                  0.99851480
                0.00000000                  2.61179687                  0.99830963
                0.00000000                  2.61968750                  0.99857656
                0.00000000                  2.62757812                  0.99836992
                0.00000000                  2.63546875                  0.99863596
                0.00000000                  2.64335937                  0.99842789
                0.00000000                  2.65125000                  0.99869308
                0.00000000                  2.65914062                  0.99848362
                0.00000000                  2.66703125                  0.99874801
                0.00000000                  2.67492187                  0.99853721
                0.00000000                  2.68281250                  0.99880084
                0.00000000                  2.69070312                  0.99858873
                0.00000000                  2.69859375                  0.99885164
                0.00000000                  2.70648437                  0.99863826
                0.00000000                  2.71437500                  0.99890049
                0.00000000                  2.72226562                  0.99868589
                0.00000000                  2.73015625                  0.99894747
                0.00000000                  2.73804687                  0.99873168
                0.00000000                  2.74593750                  0.99899265
                0.00000000                  2.75382812                  0.99877570
                0.00000000                  2.76171875                  0.99903610
                0.00000000                  2.76960937                  0.99881803
                0.00000000                  2.77750000                  0.99907789
                0.00000000                  2.78539062                  0.99885872
                0.00000000                  2.79328125                  0.99911807
                0.00000000                  2.80117187                  0.99889784
                0.00000000                  2.80906250                  0.99915672
                0.00000000                  2.81695312                  0.99893546
                0.00000000                  2.82484375                  0.99919388
                0.00000000                  2.83273437                  0.99897162
                0.00000000                  2.84062500                  0.99922963
                0.00000000                  2.84851562                  0.99900639
                0.00000000                  2.85640625                  0.99926400
                0.00000000                  2.86429687                  0.99903981
                0.00000000                  2.87218750                  0.99929706
                0.00000000                  2.88007812                  0.99907195
                0.00000000                  2.88796875                  0.99932885
                0.00000000                  2.89585937                  0.99910284
                0.00000000                  2.90375000                  0.99935943
                0.00000000                  2.91164062                  0.99913254
                0.00000000                  2.91953125                  0.99938884
                0.00000000                  2.92742187                  0.99916109
                0.00000000                  2.93531250                  0.99941712
                0.00000000                  2.94320312                  0.99918854
                0.00000000                  2.95109375                  0.99944432
                0.00000000                  2.95898437                  0.99921493
                0.00000000                  2.96687500                  0.99947049
                0.00000000                  2.97476562                  0.99924030
                0.00000000                  2.98265625                  0.99949565
                0.00000000                  2.99054687                  0.99926469
                0.00000000                  2.99843750                  0.99951985
                0.00000000                  3.00632812                  0.99928814
                0.00000000                  3.01421875                  0.99954313
                0.00000000                  3.02210937                  0.99931068
                0.00000000                  3.03000000                  0.99956551
                0.00000000                  3.03789062                  0.99933234
                0.00000000                  3.04578125                  0.99958705
                0.00000000                  3.05367187                  0.99935317
                0.00000000                  3.06156250                  0.99960776
                0.00000000                  3.06945312                  0.99937319
                0.00000000                  3.07734375                  0.99962768
                0.00000000                  3.08523437                  0.99939244
                0.00000000                  3.09312500                  0.99964684
                0.00000000                  3.10101562                  0.99941094
                0.00000000                  3.10890625                  0.99966527
                0.00000000                  3.11679687                  0.99942872
                0.00000000                  3.12468750                  0.99968299
                0.00000000                  3.13257812                  0.99944582
                0.00000000                  3.14046875                  0.99970004
                0.00000000                  3.14835937                  0.99946225
                0.00000000                  3.15625000                  0.99971645
                0.00000000                  3.16414062                  0.99947804
                0.00000000                  3.17203125                  0.99973222
                0.00000000                  3.17992187                  0.99949322
                0.00000000                  3.18781250                  0.99974740
                0.00000000                  3.19570312                  0.99950782
                0.00000000                  3.20359375                  0.99976200
                0.00000000                  3.21148437                  0.99952184
                0.00000000                  3.21937500                  0.99977604
                0.00000000                  3.22726562                  0.99953532
                0.00000000                  3.23515625                  0.99978955
                0.00000000                  3.24304687                  0.99954828
                0.00000000                  3.25093750                  0.99980255
                0.00000000                  3.25882812                  0.99956073
                0.00000000                  3.26671875                  0.99981505
                0.00000000                  3.27460937                  0.99957270
                0.00000000                  3.28250000                  0.99982708
                0.00000000                  3.29039062                  0.99958420
                0.00000000                  3.29828125                  0.99983865
                0.00000000                  3.30617187                  0.99959526
                0.00000000                  3.31406250                  0.99984978
                0.00000000                  3.32195312                  0.99960588
                0.00000000                  3.32984375                  0.99986049
                0.00000000                  3.33773437                  0.99961609
                0.00000000                  3.34562500                  0.99987080
                0.00000000                  3.35351562                  0.99962590
                0.00000000                  3.36140625                  0.99988071
                0.00000000                  3.36929687                  0.99963533
                0.00000000                  3.37718750                  0.99989025
                0.00000000                  3.38507812                  0.99964439
                0.00000000                  3.39296875                  0.99989943
                0.00000000                  3.40085937                  0.99965310
                0.00000000                  3.40875000                  0.99990826
                0.00000000                  3.41664062                  0.99966146
                0.00000000                  3.42453125                  0.99991676
                0.00000000                  3.43242187                  0.99966950
                0.00000000                  3.44031250                  0.99992493
                0.00000000                  3.44820312                  0.99967722
                0.00000000                  3.45609375                  0.99993280
                0.00000000                  3.46398437                  0.99968464
                0.00000000                  3.47187500                  0.99994038
                0.00000000                  3.47976562                  0.99969177
                0.00000000                  3.48765625                  0.99994766
                0.00000000                  3.49554687                  0.99969862
                0.00000000                  3.50343750                  0.99995468
                0.00000000                  3.51132812                  0.99970520
                0.00000000                  3.51921875                  0.99996142
                0.00000000                  3.52710937                  0.99971152
                0.00000000                  3.53500000                  0.99996792
                0.00000000                  3.54289062                  0.99971759
                0.00000000                  3.55078125                  0.99997417
                0.00000000                  3.55867187                  0.99972343
                0.00000000                  3.56656250                  0.99998019
                0.00000000                  3.57445312                  0.99972903
                0.00000000                  3.58234375                  0.99998598
                0.00000000                  3.59023437                  0.99973441
                0.00000000                  3.59812500                  0.99999156
                0.00000000                  3.60601562                  0.99973958
                0.00000000                  3.61390625                  0.99999693
                0.00000000                  3.62179687                  0.99974454
                0.00000000                  3.62968750                  1.00000209
                0.00000000                  3.63757812                  0.99974931
                0.00000000                  3.64546875                  1.00000707
                0.00000000                  3.65335937                  0.99975389
                0.00000000                  3.66125000                  1.00001186
                0.00000000                  3.66914062                  0.99975829
                0.00000000                  3.67703125                  1.00001647
                0.00000000                  3.68492187                  0.99976251
                0.00000000                  3.69281250                  1.00002091
                0.00000000                  3.70070312                  0.99976656
                0.00000000                  3.70859375                  1.00002518
                0.00000000                  3.71648437                  0.99977045
                0.00000000                  3.72437500                  1.00002930
                0.00000000                  3.73226562                  0.99977419
                0.00000000                  3.74015625                  1.00003326
                0.00000000                  3.74804687                  0.99977777
                0.00000000                  3.75593750                  1.00003708
                0.00000000                  3.76382812                  0.99978121
                0.00000000                  3.77171875                  1.00004076
                0.00000000                  3.77960938                  0.99978452
                0.00000000                  3.78750000                  1.00004430
                0.00000000                  3.79539063                  0.99978769
                0.00000000                  3.80328125                  1.00004771
                0.00000000                  3.81117188                  0.99979073
                0.00000000                  3.81906250                  1.00005100
                0.00000000                  3.82695313                  0.99979365
                0.00000000                  3.83484375                  1.00005417
                0.00000000                  3.84273438                  0.99979645
                0.00000000                  3.85062500                  1.00005722
                0.00000000                  3.85851563                  0.99979914
                0.00000000                  3.86640625                  1.00006016
                0.00000000                  3.87429688                  0.99980172
                0.00000000                  3.88218750                  1.00006299
                0.00000000                  3.89007813                  0.99980419
                0.00000000                  3.89796875                  1.00006572
                0.00000000                  3.90585938                  0.99980656
                0.00000000                  3.91375000                  1.00006835
                0.00000000                  3.92164063                  0.99980883
                0.00000000                  3.92953125                  1.00007089
                0.00000000                  3.93742188                  0.99981102
                0.00000000                  3.94531250                  1.00007334
                0.00000000                  3.95320313                  0.99981311
                0.00000000                  3.96109375                  1.00007569
                0.00000000                  3.96898438                  0.99981511
                0.00000000                  3.97687500                  1.00007797
                0.00000000                  3.98476563                  0.99981703
                0.00000000                  3.99265625                  1.00008016
                0.00000000                  4.00054688                  0.99981887
                0.00000000                  4.00843750                  1.00008227
                0.00000000                  4.01632813                  0.99982064
                0.00000000                  4.02421875                  1.00008431
                0.00000000                  4.03210938                  0.99982233
                0.00000000                  4.04000000                  1.00008628
                0.00000000                  4.04789063                  0.99982395
                0.00000000                  4.05578125                  1.00008817
                0.00000000                  4.06367188                  0.99982550
                0.00000000                  4.07156250                  1.00009000
                0.00000000                  4.07945313                  0.99982698
                0.00000000                  4.08734375                  1.00009177
                0.00000000                  4.09523438                  0.99982840
                0.00000000                  4.10312500                  1.00009347
                0.00000000                  4.11101563                  0.99982977
                0.00000000                  4.11890625                  1.00009512
                0.00000000                  4.12679688                  0.99983107
                0.00000000                  4.13468750                  1.00009671
                0.00000000                  4.14257813                  0.99983231
                0.00000000                  4.15046875                  1.00009824
                0.00000000                  4.15835938                  0.99983351
                0.00000000                  4.16625000                  1.00009972
                0.00000000                  4.17414063                  0.99983465
                0.00000000                  4.18203125                  1.00010115
                0.00000000                  4.18992188                  0.99983574
                0.00000000                  4.19781250                  1.00010253
                0.00000000                  4.20570313                  0.99983678
                0.00000000                  4.21359375                  1.00010387
                0.00000000                  4.22148438                  0.99983777
                0.00000000                  4.22937500                  1.00010515
                0.00000000                  4.23726563                  0.99983872
                0.00000000                  4.24515625                  1.00010640
                0.00000000                  4.25304688                  0.99983963
                0.00000000                  4.26093750                  1.00010761
                0.00000000                  4.26882813                  0.99984050
                0.00000000                  4.27671875                  1.00010877
                0.00000000                  4.28460938                  0.99984133
                0.00000000                  4.29250000                  1.00010990
                0.00000000                  4.30039063                  0.99984212
                0.00000000                  4.30828125                  1.00011098
                0.00000000                  4.31617188                  0.99984287
                0.00000000                  4.32406250                  1.00011204
                0.00000000                  4.33195313                  0.99984358
                0.00000000                  4.33984375                  1.00011306
                0.00000000                  4.34773438                  0.99984427
                0.00000000                  4.35562500                  1.00011404
                0.00000000                  4.36351563                  0.99984492
                0.00000000                  4.37140625                  1.00011500
                0.00000000                  4.37929688                  0.99984554
                0.00000000                  4.38718750                  1.00011592
                0.00000000                  4.39507813                  0.99984613
                0.00000000                  4.40296875                  1.00011682
                0.00000000                  4.41085938                  0.99984669
                0.00000000                  4.41875000                  1.00011768
                0.00000000                  4.42664063                  0.99984722
                0.00000000                  4.43453125                  1.00011852
                0.00000000                  4.44242188                  0.99984773
                0.00000000                  4.45031250                  1.00011934
                0.00000000                  4.45820313                  0.99984821
                0.00000000                  4.46609375                  1.00012013
                0.00000000                  4.47398438                  0.99984866
                0.00000000                  4.48187500                  1.00012089
                0.00000000                  4.48976563                  0.99984909
                0.00000000                  4.49765625                  1.00012164
                0.00000000                  4.50554688                  0.99984950
                0.00000000                  4.51343750                  1.00012236
                0.00000000                  4.52132813                  0.99984989
                0.00000000                  4.52921875                  1.00012305
                0.00000000                  4.53710938                  0.99985025
                0.00000000                  4.54500000                  1.00012373
                0.00000000                  4.55289063                  0.99985060
                0.00000000                  4.56078125                  1.00012439
                0.00000000                  4.56867188                  0.99985092
                0.00000000                  4.57656250                  1.00012503
                0.00000000                  4.58445313                  0.99985123
                0.00000000                  4.59234375                  1.00012565
                0.00000000                  4.60023438                  0.99985151
                0.00000000                  4.60812500                  1.00012626
                0.00000000                  4.61601563                  0.99985178
                0.00000000                  4.62390625                  1.00012685
                0.00000000                  4.63179688                  0.99985204
                0.00000000                  4.63968750                  1.00012742
                0.00000000                  4.64757813                  0.99985227
                0.00000000                  4.65546875                  1.00012797
                0.00000000                  4.66335938                  0.99985250
                0.00000000                  4.67125000                  1.00012851
                0.00000000                  4.67914063                  0.99985270
                0.00000000                  4.68703125                  1.00012904
                0.00000000                  4.69492188                  0.99985289
                0.00000000                  4.70281250                  1.00012955
                0.00000000                  4.71070313                  0.99985307
                0.00000000                  4.71859375                  1.00013005
                0.00000000                  4.72648438                  0.99985324
                0.00000000                  4.73437500                  1.00013054
                0.00000000                  4.74226563                  0.99985339
                0.00000000                  4.75015625                  1.00013101
                0.00000000                  4.75804688                  0.99985353
                0.00000000                  4.76593750                  1.00013148
                0.00000000                  4.77382813                  0.99985366
                0.00000000                  4.78171875                  1.00013193
                0.00000000                  4.78960938                  0.99985377
                0.00000000                  4.79750000                  1.00013237
                0.00000000                  4.80539063                  0.99985388
                0.00000000                  4.81328125                  1.00013280
                0.00000000                  4.82117188                  0.99985397
                0.00000000                  4.82906250                  1.00013322
                0.00000000                  4.83695313                  0.99985406
                0.00000000                  4.84484375                  1.00013363
                0.00000000                  4.85273438                  0.99985413
                0.00000000                  4.86062500                  1.00013403
                0.00000000                  4.86851563                  0.99985420
                0.00000000                  4.87640625                  1.00013443
                0.00000000                  4.88429688                  0.99985425
                0.00000000                  4.89218750                  1.00013481
                0.00000000                  4.90007813                  0.99985430
                0.00000000                  4.90796875                  1.00013519
                0.00000000                  4.91585938                  0.99985434
                0.00000000                  4.92375000                  1.00013556
                0.00000000                  4.93164063                  0.99985437
                0.00000000                  4.93953125                  1.00013592
                0.00000000                  4.94742188                  0.99985440
                0.00000000                  4.95531250                  1.00013627
                0.00000000                  4.96320313                  0.99985441
                0.00000000                  4.97109375                  1.00013662
                0.00000000                  4.97898438                  0.99985442
                0.00000000                  4.98687500                  1.00013696
                0.00000000                  4.99476563                  0.99985442
