                0.00000000                  0.00781250                  0.01562500
                0.00000000                  0.01562500                  0.03125000
                0.00000000                  0.02343750                  0.04687500
                0.00000000                  0.03125000                  0.06250000
                0.00000000                  0.03906250                  0.07812500
                0.00000000                  0.04687500                  0.09375000
                0.00000000                  0.05468750                  0.10937500
                0.00000000                  0.06250000                  0.12500000
                0.00000000                  0.07031250                  0.14050293
                0.00000000                  0.07812500                  0.15600586
                0.00000000                  0.08593750                  0.17126465
                0.00000000                  0.09375000                  0.18652344
                0.00000000                  0.10156250                  0.20144653
                0.00000000                  0.10937500                  0.21636963
                0.00000000                  0.11718750                  0.23089600
                0.00000000                  0.12500000                  0.24542236
                0.00000000                  0.13281250                  0.25951481
                0.00000000                  0.14062500                  0.27360725
                0.00000000                  0.14843750                  0.28724575
                0.00000000                  0.15625000                  0.30088425
                0.00000000                  0.16406250                  0.31406069
                0.00000000                  0.17187500                  0.32723713
                0.00000000                  0.17968750                  0.33995152
                0.00000000                  0.18750000                  0.35266590
                0.00000000                  0.19531250                  0.36492365
                0.00000000                  0.20312500                  0.37718140
                0.00000000                  0.21093750                  0.38899147
                0.00000000                  0.21875000                  0.40080154
                0.00000000                  0.22656250                  0.41217515
                0.00000000                  0.23437500                  0.42354877
                0.00000000                  0.24218750                  0.43449851
                0.00000000                  0.25000000                  0.44544826
                0.00000000                  0.25781250                  0.45598749
                0.00000000                  0.26562500                  0.46652672
                0.00000000                  0.27343750                  0.47666912
                0.00000000                  0.28125000                  0.48681153
                0.00000000                  0.28906250                  0.49657090
                0.00000000                  0.29687500                  0.50633027
                0.00000000                  0.30468750                  0.51572025
                0.00000000                  0.31250000                  0.52511023
                0.00000000                  0.32031250                  0.53414425
                0.00000000                  0.32812500                  0.54317827
                0.00000000                  0.33593750                  0.55186943
                0.00000000                  0.34375000                  0.56056060
                0.00000000                  0.35156250                  0.56892166
                0.00000000                  0.35937500                  0.57728272
                0.00000000                  0.36718750                  0.58532602
                0.00000000                  0.37500000                  0.59336933
                0.00000000                  0.38281250                  0.60110683
                0.00000000                  0.39062500                  0.60884433
                0.00000000                  0.39843750                  0.61628757
                0.00000000                  0.40625000                  0.62373080
                0.00000000                  0.41406250                  0.63089090
                0.00000000                  0.42187500                  0.63805100
                0.00000000                  0.42968750                  0.64493869
                0.00000000                  0.43750000                  0.65182638
                0.00000000                  0.44531250                  0.65845200
                0.00000000                  0.45312500                  0.66507762
                0.00000000                  0.46093750                  0.67145111
                0.00000000                  0.46875000                  0.67782461
                0.00000000                  0.47656250                  0.68395557
                0.00000000                  0.48437500                  0.69008652
                0.00000000                  0.49218750                  0.69598416
                0.00000000                  0.50000000                  0.70188179
                0.00000000                  0.50781250                  0.70755498
                0.00000000                  0.51562500                  0.71322816
                0.00000000                  0.52343750                  0.71868544
                0.00000000                  0.53125000                  0.72414272
                0.00000000                  0.53906250                  0.72939229
                0.00000000                  0.54687500                  0.73464187
                0.00000000                  0.55468750                  0.73969166
                0.00000000                  0.56250000                  0.74474144
                0.00000000                  0.57031250                  0.74959903
                0.00000000                  0.57812500                  0.75445662
                0.00000000                  0.58593750                  0.75912934
                0.00000000                  0.59375000                  0.76380205
                0.00000000                  0.60156250                  0.76829692
                0.00000000                  0.60937500                  0.77279179
                0.00000000                  0.61718750                  0.77711559
                0.00000000                  0.62500000                  0.78143938
                0.00000000                  0.63281250                  0.78559861
                0.00000000                  0.64062500                  0.78975785
                0.00000000                  0.64843750                  0.79375878
                0.00000000                  0.65625000                  0.79775971
                0.00000000                  0.66406250                  0.80160836
                0.00000000                  0.67187500                  0.80545702
                0.00000000                  0.67968750                  0.80915919
                0.00000000                  0.68750000                  0.81286137
                0.00000000                  0.69531250                  0.81642264
                0.00000000                  0.70312500                  0.81998391
                0.00000000                  0.71093750                  0.82340964
                0.00000000                  0.71875000                  0.82683536
                0.00000000                  0.72656250                  0.83013071
                0.00000000                  0.73437500                  0.83342605
                0.00000000                  0.74218750                  0.83659597
                0.00000000                  0.75000000                  0.83976589
                0.00000000                  0.75781250                  0.84281517
                0.00000000                  0.76562500                  0.84586444
                0.00000000                  0.77343750                  0.84879766
                0.00000000                  0.78125000                  0.85173087
                0.00000000                  0.78906250                  0.85455245
                0.00000000                  0.79687500                  0.85737403
                0.00000000                  0.80468750                  0.86008822
                0.00000000                  0.81250000                  0.86280241
                0.00000000                  0.82031250                  0.86541330
                0.00000000                  0.82812500                  0.86802418
                0.00000000                  0.83593750                  0.87053570
                0.00000000                  0.84375000                  0.87304721
                0.00000000                  0.85156250                  0.87546314
                0.00000000                  0.85937500                  0.87787907
                0.00000000                  0.86718750                  0.88020304
                0.00000000                  0.87500000                  0.88252702
                0.00000000                  0.88281250                  0.88476254
                0.00000000                  0.89062500                  0.88699807
                0.00000000                  0.89843750                  0.88914851
                0.00000000                  0.90625000                  0.89129895
                0.00000000                  0.91406250                  0.89336754
                0.00000000                  0.92187500                  0.89543613
                0.00000000                  0.92968750                  0.89742600
                0.00000000                  0.93750000                  0.89941586
                0.00000000                  0.94531250                  0.90132999
                0.00000000                  0.95312500                  0.90324411
                0.00000000                  0.96093750                  0.90508539
                0.00000000                  0.96875000                  0.90692667
                0.00000000                  0.97656250                  0.90869786
                0.00000000                  0.98437500                  0.91046906
                0.00000000                  0.99218750                  0.91217284
                0.00000000                  1.00000000                  0.91387663
                0.00000000                  1.00781250                  0.91551557
                0.00000000                  1.01562500                  0.91715450
                0.00000000                  1.02343750                  0.91873106
                0.00000000                  1.03125000                  0.92030762
                0.00000000                  1.03906250                  0.92182418
                0.00000000                  1.04687500                  0.92334073
                0.00000000                  1.05468750                  0.92479957
                0.00000000                  1.06250000                  0.92625840
                0.00000000                  1.07031250                  0.92766171
                0.00000000                  1.07812500                  0.92906502
                0.00000000                  1.08593750                  0.93041493
                0.00000000                  1.09375000                  0.93176483
                0.00000000                  1.10156250                  0.93306335
                0.00000000                  1.10937500                  0.93436187
                0.00000000                  1.11718750                  0.93561097
                0.00000000                  1.12500000                  0.93686008
                0.00000000                  1.13281250                  0.93806164
                0.00000000                  1.14062500                  0.93926320
                0.00000000                  1.14843750                  0.94041902
                0.00000000                  1.15625000                  0.94157485
                0.00000000                  1.16406250                  0.94268669
                0.00000000                  1.17187500                  0.94379853
                0.00000000                  1.17968750                  0.94486805
                0.00000000                  1.18750000                  0.94593757
                0.00000000                  1.19531250                  0.94696638
                0.00000000                  1.20312500                  0.94799520
                0.00000000                  1.21093750                  0.94898485
                0.00000000                  1.21875000                  0.94997451
                0.00000000                  1.22656250                  0.95092650
                0.00000000                  1.23437500                  0.95187849
                0.00000000                  1.24218750                  0.95279425
                0.00000000                  1.25000000                  0.95371001
                0.00000000                  1.25781250                  0.95459091
                0.00000000                  1.26562500                  0.95547182
                0.00000000                  1.27343750                  0.95631919
                0.00000000                  1.28125000                  0.95716657
                0.00000000                  1.28906250                  0.95798170
                0.00000000                  1.29687500                  0.95879682
                0.00000000                  1.30468750                  0.95958092
                0.00000000                  1.31250000                  0.96036502
                0.00000000                  1.32031250                  0.96111928
                0.00000000                  1.32812500                  0.96187354
                0.00000000                  1.33593750                  0.96259909
                0.00000000                  1.34375000                  0.96332464
                0.00000000                  1.35156250                  0.96402258
                0.00000000                  1.35937500                  0.96472051
                0.00000000                  1.36718750                  0.96539189
                0.00000000                  1.37500000                  0.96606326
                0.00000000                  1.38281250                  0.96670908
                0.00000000                  1.39062500                  0.96735490
                0.00000000                  1.39843750                  0.96797614
                0.00000000                  1.40625000                  0.96859738
                0.00000000                  1.41406250                  0.96919498
                0.00000000                  1.42187500                  0.96979257
                0.00000000                  1.42968750                  0.97036742
                0.00000000                  1.43750000                  0.97094227
                0.00000000                  1.44531250                  0.97149525
                0.00000000                  1.45312500                  0.97204822
                0.00000000                  1.46093750                  0.97258014
                0.00000000                  1.46875000                  0.97311207
                0.00000000                  1.47656250                  0.97362375
                0.00000000                  1.48437500                  0.97413543
                0.00000000                  1.49218750                  0.97462764
                0.00000000                  1.50000000                  0.97511984
                0.00000000                  1.50781250                  0.97559331
                0.00000000                  1.51562500                  0.97606679
                0.00000000                  1.52343750                  0.97652224
                0.00000000                  1.53125000                  0.97697769
                0.00000000                  1.53906250                  0.97741581
                0.00000000                  1.54687500                  0.97785392
                0.00000000                  1.55468750                  0.97827537
                0.00000000                  1.56250000                  0.97869681
                0.00000000                  1.57031250                  0.97910221
                0.00000000                  1.57812500                  0.97950761
                0.00000000                  1.58593750                  0.97989759
                0.00000000                  1.59375000                  0.98028756
                0.00000000                  1.60156250                  0.98066269
                0.00000000                  1.60937500                  0.98103782
                0.00000000                  1.61718750                  0.98139867
                0.00000000                  1.62500000                  0.98175952
                0.00000000                  1.63281250                  0.98210664
                0.00000000                  1.64062500                  0.98245376
                0.00000000                  1.64843750                  0.98278767
                0.00000000                  1.65625000                  0.98312157
                0.00000000                  1.66406250                  0.98344277
                0.00000000                  1.67187500                  0.98376397
                0.00000000                  1.67968750                  0.98407294
                0.00000000                  1.68750000                  0.98438192
                0.00000000                  1.69531250                  0.98467913
                0.00000000                  1.70312500                  0.98497635
                0.00000000                  1.71093750                  0.98526225
                0.00000000                  1.71875000                  0.98554815
                0.00000000                  1.72656250                  0.98582317
                0.00000000                  1.73437500                  0.98609819
                0.00000000                  1.74218750                  0.98636274
                0.00000000                  1.75000000                  0.98662730
                0.00000000                  1.75781250                  0.98688178
                0.00000000                  1.76562500                  0.98713626
                0.00000000                  1.77343750                  0.98738106
                0.00000000                  1.78125000                  0.98762586
                0.00000000                  1.78906250                  0.98786134
                0.00000000                  1.79687500                  0.98809682
                0.00000000                  1.80468750                  0.98832334
                0.00000000                  1.81250000                  0.98854986
                0.00000000                  1.82031250                  0.98876776
                0.00000000                  1.82812500                  0.98898566
                0.00000000                  1.83593750                  0.98919526
                0.00000000                  1.84375000                  0.98940487
                0.00000000                  1.85156250                  0.98960649
                0.00000000                  1.85937500                  0.98980812
                0.00000000                  1.86718750                  0.99000207
                0.00000000                  1.87500000                  0.99019602
                0.00000000                  1.88281250                  0.99038259
                0.00000000                  1.89062500                  0.99056917
                0.00000000                  1.89843750                  0.99074864
                0.00000000                  1.90625000                  0.99092811
                0.00000000                  1.91406250                  0.99110074
                0.00000000                  1.92187500                  0.99127338
                0.00000000                  1.92968750                  0.99143945
                0.00000000                  1.93750000                  0.99160552
                0.00000000                  1.94531250                  0.99176527
                0.00000000                  1.95312500                  0.99192502
                0.00000000                  1.96093750                  0.99207868
                0.00000000                  1.96875000                  0.99223235
                0.00000000                  1.97656250                  0.99238017
                0.00000000                  1.98437500                  0.99252799
                0.00000000                  1.99218750                  0.99267018
                0.00000000                  2.00000000                  0.99281238
                0.00000000                  2.00781250                  0.99294916
                0.00000000                  2.01562500                  0.99308594
                0.00000000                  2.02343750                  0.99321752
                0.00000000                  2.03125000                  0.99334909
                0.00000000                  2.03906250                  0.99347566
                0.00000000                  2.04687500                  0.99360223
                0.00000000                  2.05468750                  0.99372398
                0.00000000                  2.06250000                  0.99384573
                0.00000000                  2.07031250                  0.99396284
                0.00000000                  2.07812500                  0.99407996
                0.00000000                  2.08593750                  0.99419262
                0.00000000                  2.09375000                  0.99430528
                0.00000000                  2.10156250                  0.99441365
                0.00000000                  2.10937500                  0.99452202
                0.00000000                  2.11718750                  0.99462627
                0.00000000                  2.12500000                  0.99473051
                0.00000000                  2.13281250                  0.99483079
                0.00000000                  2.14062500                  0.99493107
                0.00000000                  2.14843750                  0.99502753
                0.00000000                  2.15625000                  0.99512400
                0.00000000                  2.16406250                  0.99521679
                0.00000000                  2.17187500                  0.99530958
                0.00000000                  2.17968750                  0.99539884
                0.00000000                  2.18750000                  0.99548810
                0.00000000                  2.19531250                  0.99557396
                0.00000000                  2.20312500                  0.99565982
                0.00000000                  2.21093750                  0.99574241
                0.00000000                  2.21875000                  0.99582501
                0.00000000                  2.22656250                  0.99590446
                0.00000000                  2.23437500                  0.99598391
                0.00000000                  2.24218750                  0.99606034
                0.00000000                  2.25000000                  0.99613676
                0.00000000                  2.25781250                  0.99621028
                0.00000000                  2.26562500                  0.99628380
                0.00000000                  2.27343750                  0.99635452
                0.00000000                  2.28125000                  0.99642524
                0.00000000                  2.28906250                  0.99649327
                0.00000000                  2.29687500                  0.99656129
                0.00000000                  2.30468750                  0.99662673
                0.00000000                  2.31250000                  0.99669217
                0.00000000                  2.32031250                  0.99675512
                0.00000000                  2.32812500                  0.99681807
                0.00000000                  2.33593750                  0.99687862
                0.00000000                  2.34375000                  0.99693917
                0.00000000                  2.35156250                  0.99699742
                0.00000000                  2.35937500                  0.99705567
                0.00000000                  2.36718750                  0.99711170
                0.00000000                  2.37500000                  0.99716773
                0.00000000                  2.38281250                  0.99722163
                0.00000000                  2.39062500                  0.99727553
                0.00000000                  2.39843750                  0.99732738
                0.00000000                  2.40625000                  0.99737922
                0.00000000                  2.41406250                  0.99742910
                0.00000000                  2.42187500                  0.99747897
                0.00000000                  2.42968750                  0.99752695
                0.00000000                  2.43750000                  0.99757492
                0.00000000                  2.44531250                  0.99762107
                0.00000000                  2.45312500                  0.99766722
                0.00000000                  2.46093750                  0.99771161
                0.00000000                  2.46875000                  0.99775601
                0.00000000                  2.47656250                  0.99779871
                0.00000000                  2.48437500                  0.99784141
                0.00000000                  2.49218750                  0.99788249
                0.00000000                  2.50000000                  0.99792357
                0.00000000                  2.50781250                  0.99796308
                0.00000000                  2.51562500                  0.99800260
                0.00000000                  2.52343750                  0.99804061
                0.00000000                  2.53125000                  0.99807862
                0.00000000                  2.53906250                  0.99811518
                0.00000000                  2.54687500                  0.99815175
                0.00000000                  2.55468750                  0.99818692
                0.00000000                  2.56250000                  0.99822209
                0.00000000                  2.57031250                  0.99825593
                0.00000000                  2.57812500                  0.99828976
                0.00000000                  2.58593750                  0.99832231
                0.00000000                  2.59375000                  0.99835485
                0.00000000                  2.60156250                  0.99838616
                0.00000000                  2.60937500                  0.99841747
                0.00000000                  2.61718750                  0.99844758
                0.00000000                  2.62500000                  0.99847770
                0.00000000                  2.63281250                  0.99850667
                0.00000000                  2.64062500                  0.99853564
                0.00000000                  2.64843750                  0.99856351
                0.00000000                  2.65625000                  0.99859137
                0.00000000                  2.66406250                  0.99861818
                0.00000000                  2.67187500                  0.99864499
                0.00000000                  2.67968750                  0.99867077
                0.00000000                  2.68750000                  0.99869656
                0.00000000                  2.69531250                  0.99872136
                0.00000000                  2.70312500                  0.99874617
                0.00000000                  2.71093750                  0.99877003
                0.00000000                  2.71875000                  0.99879389
                0.00000000                  2.72656250                  0.99881684
                0.00000000                  2.73437500                  0.99883979
                0.00000000                  2.74218750                  0.99886187
                0.00000000                  2.75000000                  0.99888395
                0.00000000                  2.75781250                  0.99890519
                0.00000000                  2.76562500                  0.99892643
                0.00000000                  2.77343750                  0.99894686
                0.00000000                  2.78125000                  0.99896729
                0.00000000                  2.78906250                  0.99898694
                0.00000000                  2.79687500                  0.99900659
                0.00000000                  2.80468750                  0.99902550
                0.00000000                  2.81250000                  0.99904440
                0.00000000                  2.82031250                  0.99906259
                0.00000000                  2.82812500                  0.99908077
                0.00000000                  2.83593750                  0.99909827
                0.00000000                  2.84375000                  0.99911576
                0.00000000                  2.85156250                  0.99913259
                0.00000000                  2.85937500                  0.99914941
                0.00000000                  2.86718750                  0.99916560
                0.00000000                  2.87500000                  0.99918179
                0.00000000                  2.88281250                  0.99919736
                0.00000000                  2.89062500                  0.99921293
                0.00000000                  2.89843750                  0.99922791
                0.00000000                  2.90625000                  0.99924288
                0.00000000                  2.91406250                  0.99925729
                0.00000000                  2.92187500                  0.99927170
                0.00000000                  2.92968750                  0.99928556
                0.00000000                  2.93750000                  0.99929942
                0.00000000                  2.94531250                  0.99931275
                0.00000000                  2.95312500                  0.99932608
                0.00000000                  2.96093750                  0.99933891
                0.00000000                  2.96875000                  0.99935173
                0.00000000                  2.97656250                  0.99936407
                0.00000000                  2.98437500                  0.99937641
                0.00000000                  2.99218750                  0.99938827
                0.00000000                  3.00000000                  0.99940014
                0.00000000                  3.00781250                  0.99941156
                0.00000000                  3.01562500                  0.99942297
                0.00000000                  3.02343750                  0.99943395
                0.00000000                  3.03125000                  0.99944493
                0.00000000                  3.03906250                  0.99945550
                0.00000000                  3.04687500                  0.99946606
                0.00000000                  3.05468750                  0.99947622
                0.00000000                  3.06250000                  0.99948638
                0.00000000                  3.07031250                  0.99949616
                0.00000000                  3.07812500                  0.99950593
                0.00000000                  3.08593750                  0.99951533
                0.00000000                  3.09375000                  0.99952473
                0.00000000                  3.10156250                  0.99953378
                0.00000000                  3.10937500                  0.99954282
                0.00000000                  3.11718750                  0.99955152
                0.00000000                  3.12500000                  0.99956022
                0.00000000                  3.13281250                  0.99956859
                0.00000000                  3.14062500                  0.99957696
                0.00000000                  3.14843750                  0.99958501
                0.00000000                  3.15625000                  0.99959306
                0.00000000                  3.16406250                  0.99960081
                0.00000000                  3.17187500                  0.99960855
                0.00000000                  3.17968750                  0.99961600
                0.00000000                  3.18750000                  0.99962345
                0.00000000                  3.19531250                  0.99963061
                0.00000000                  3.20312500                  0.99963778
                0.00000000                  3.21093750                  0.99964467
                0.00000000                  3.21875000                  0.99965157
                0.00000000                  3.22656250                  0.99965820
                0.00000000                  3.23437500                  0.99966483
                0.00000000                  3.24218750                  0.99967121
                0.00000000                  3.25000000                  0.99967758
                0.00000000                  3.25781250                  0.99968372
                0.00000000                  3.26562500                  0.99968986
                0.00000000                  3.27343750                  0.99969576
                0.00000000                  3.28125000                  0.99970166
                0.00000000                  3.28906250                  0.99970734
                0.00000000                  3.29687500                  0.99971302
                0.00000000                  3.30468750                  0.99971848
                0.00000000                  3.31250000                  0.99972394
                0.00000000                  3.32031250                  0.99972919
                0.00000000                  3.32812500                  0.99973444
                0.00000000                  3.33593750                  0.99973950
                0.00000000                  3.34375000                  0.99974455
                0.00000000                  3.35156250                  0.99974941
                0.00000000                  3.35937500                  0.99975427
                0.00000000                  3.36718750                  0.99975895
                0.00000000                  3.37500000                  0.99976363
                0.00000000                  3.38281250                  0.99976812
                0.00000000                  3.39062500                  0.99977262
                0.00000000                  3.39843750                  0.99977695
                0.00000000                  3.40625000                  0.99978128
                0.00000000                  3.41406250                  0.99978544
                0.00000000                  3.42187500                  0.99978960
                0.00000000                  3.42968750                  0.99979361
                0.00000000                  3.43750000                  0.99979761
                0.00000000                  3.44531250                  0.99980146
                0.00000000                  3.45312500                  0.99980531
                0.00000000                  3.46093750                  0.99980902
                0.00000000                  3.46875000                  0.99981272
                0.00000000                  3.47656250                  0.99981629
                0.00000000                  3.48437500                  0.99981985
                0.00000000                  3.49218750                  0.99982328
                0.00000000                  3.50000000                  0.99982671
                0.00000000                  3.50781250                  0.99983000
                0.00000000                  3.51562500                  0.99983330
                0.00000000                  3.52343750                  0.99983647
                0.00000000                  3.53125000                  0.99983965
                0.00000000                  3.53906250                  0.99984270
                0.00000000                  3.54687500                  0.99984575
                0.00000000                  3.55468750                  0.99984869
                0.00000000                  3.56250000                  0.99985162
                0.00000000                  3.57031250                  0.99985444
                0.00000000                  3.57812500                  0.99985727
                0.00000000                  3.58593750                  0.99985998
                0.00000000                  3.59375000                  0.99986270
                0.00000000                  3.60156250                  0.99986531
                0.00000000                  3.60937500                  0.99986793
                0.00000000                  3.61718750                  0.99987044
                0.00000000                  3.62500000                  0.99987295
                0.00000000                  3.63281250                  0.99987537
                0.00000000                  3.64062500                  0.99987779
                0.00000000                  3.64843750                  0.99988011
                0.00000000                  3.65625000                  0.99988244
                0.00000000                  3.66406250                  0.99988468
                0.00000000                  3.67187500                  0.99988691
                0.00000000                  3.67968750                  0.99988907
                0.00000000                  3.68750000                  0.99989122
                0.00000000                  3.69531250                  0.99989329
                0.00000000                  3.70312500                  0.99989536
                0.00000000                  3.71093750                  0.99989735
                0.00000000                  3.71875000                  0.99989934
                0.00000000                  3.72656250                  0.99990126
                0.00000000                  3.73437500                  0.99990317
                0.00000000                  3.74218750                  0.99990501
                0.00000000                  3.75000000                  0.99990686
                0.00000000                  3.75781250                  0.99990863
                0.00000000                  3.76562500                  0.99991040
                0.00000000                  3.77343750                  0.99991211
                0.00000000                  3.78125000                  0.99991381
                0.00000000                  3.78906250                  0.99991545
                0.00000000                  3.79687500                  0.99991709
                0.00000000                  3.80468750                  0.99991867
                0.00000000                  3.81250000                  0.99992025
                0.00000000                  3.82031250                  0.99992177
                0.00000000                  3.82812500                  0.99992328
                0.00000000                  3.83593750                  0.99992474
                0.00000000                  3.84375000                  0.99992620
                0.00000000                  3.85156250                  0.99992761
                0.00000000                  3.85937500                  0.99992901
                0.00000000                  3.86718750                  0.99993036
                0.00000000                  3.87500000                  0.99993171
                0.00000000                  3.88281250                  0.99993301
                0.00000000                  3.89062500                  0.99993431
                0.00000000                  3.89843750                  0.99993556
                0.00000000                  3.90625000                  0.99993681
                0.00000000                  3.91406250                  0.99993802
                0.00000000                  3.92187500                  0.99993922
                0.00000000                  3.92968750                  0.99994037
                0.00000000                  3.93750000                  0.99994153
                0.00000000                  3.94531250                  0.99994264
                0.00000000                  3.95312500                  0.99994376
                0.00000000                  3.96093750                  0.99994483
                0.00000000                  3.96875000                  0.99994590
                0.00000000                  3.97656250                  0.99994693
                0.00000000                  3.98437500                  0.99994796
                0.00000000                  3.99218750                  0.99994895
                0.00000000                  4.00000000                  0.99994994
                0.00000000                  4.00781250                  0.99995089
                0.00000000                  4.01562500                  0.99995184
                0.00000000                  4.02343750                  0.99995276
                0.00000000                  4.03125000                  0.99995368
                0.00000000                  4.03906250                  0.99995456
                0.00000000                  4.04687500                  0.99995544
                0.00000000                  4.05468750                  0.99995629
                0.00000000                  4.06250000                  0.99995713
                0.00000000                  4.07031250                  0.99995795
                0.00000000                  4.07812500                  0.99995877
                0.00000000                  4.08593750                  0.99995955
                0.00000000                  4.09375000                  0.99996034
                0.00000000                  4.10156250                  0.99996109
                0.00000000                  4.10937500                  0.99996185
                0.00000000                  4.11718750                  0.99996257
                0.00000000                  4.12500000                  0.99996330
                0.00000000                  4.13281250                  0.99996400
                0.00000000                  4.14062500                  0.99996469
                0.00000000                  4.14843750                  0.99996537
                0.00000000                  4.15625000                  0.99996604
                0.00000000                  4.16406250                  0.99996668
                0.00000000                  4.17187500                  0.99996733
                0.00000000                  4.17968750                  0.99996795
                0.00000000                  4.18750000                  0.99996857
                0.00000000                  4.19531250                  0.99996917
                0.00000000                  4.20312500                  0.99996977
                0.00000000                  4.21093750                  0.99997035
                0.00000000                  4.21875000                  0.99997092
                0.00000000                  4.22656250                  0.99997147
                0.00000000                  4.23437500                  0.99997203
                0.00000000                  4.24218750                  0.99997256
                0.00000000                  4.25000000                  0.99997309
                0.00000000                  4.25781250                  0.99997360
                0.00000000                  4.26562500                  0.99997412
                0.00000000                  4.27343750                  0.99997461
                0.00000000                  4.28125000                  0.99997510
                0.00000000                  4.28906250                  0.99997558
                0.00000000                  4.29687500                  0.99997605
                0.00000000                  4.30468750                  0.99997650
                0.00000000                  4.31250000                  0.99997696
                0.00000000                  4.32031250                  0.99997740
                0.00000000                  4.32812500                  0.99997784
                0.00000000                  4.33593750                  0.99997826
                0.00000000                  4.34375000                  0.99997868
                0.00000000                  4.35156250                  0.99997909
                0.00000000                  4.35937500                  0.99997949
                0.00000000                  4.36718750                  0.99997988
                0.00000000                  4.37500000                  0.99998027
                0.00000000                  4.38281250                  0.99998065
                0.00000000                  4.39062500                  0.99998102
                0.00000000                  4.39843750                  0.99998138
                0.00000000                  4.40625000                  0.99998175
                0.00000000                  4.41406250                  0.99998209
                0.00000000                  4.42187500                  0.99998244
                0.00000000                  4.42968750                  0.99998277
                0.00000000                  4.43750000                  0.99998311
                0.00000000                  4.44531250                  0.99998343
                0.00000000                  4.45312500                  0.99998375
                0.00000000                  4.46093750                  0.99998406
                0.00000000                  4.46875000                  0.99998437
                0.00000000                  4.47656250                  0.99998467
                0.00000000                  4.48437500                  0.99998497
                0.00000000                  4.49218750                  0.99998525
                0.00000000                  4.50000000                  0.99998554
                0.00000000                  4.50781250                  0.99998581
                0.00000000                  4.51562500                  0.99998609
                0.00000000                  4.52343750                  0.99998635
                0.00000000                  4.53125000                  0.99998662
                0.00000000                  4.53906250                  0.99998687
                0.00000000                  4.54687500                  0.99998713
                0.00000000                  4.55468750                  0.99998737
                0.00000000                  4.56250000                  0.99998762
                0.00000000                  4.57031250                  0.99998785
                0.00000000                  4.57812500                  0.99998809
                0.00000000                  4.58593750                  0.99998831
                0.00000000                  4.59375000                  0.99998854
                0.00000000                  4.60156250                  0.99998876
                0.00000000                  4.60937500                  0.99998898
                0.00000000                  4.61718750                  0.99998919
                0.00000000                  4.62500000                  0.99998940
                0.00000000                  4.63281250                  0.99998960
                0.00000000                  4.64062500                  0.99998980
                0.00000000                  4.64843750                  0.99998999
                0.00000000                  4.65625000                  0.99999019
                0.00000000                  4.66406250                  0.99999038
                0.00000000                  4.67187500                  0.99999056
                0.00000000                  4.67968750                  0.99999074
                0.00000000                  4.68750000                  0.99999092
                0.00000000                  4.69531250                  0.99999109
                0.00000000                  4.70312500                  0.99999127
                0.00000000                  4.71093750                  0.99999143
                0.00000000                  4.71875000                  0.99999160
                0.00000000                  4.72656250                  0.99999176
                0.00000000                  4.73437500                  0.99999192
                0.00000000                  4.74218750                  0.99999207
                0.00000000                  4.75000000                  0.99999223
                0.00000000                  4.75781250                  0.99999237
                0.00000000                  4.76562500                  0.99999252
                0.00000000                  4.77343750                  0.99999266
                0.00000000                  4.78125000                  0.99999281
                0.00000000                  4.78906250                  0.99999294
                0.00000000                  4.79687500                  0.99999308
                0.00000000                  4.80468750                  0.99999321
                0.00000000                  4.81250000                  0.99999334
                0.00000000                  4.82031250                  0.99999347
                0.00000000                  4.82812500                  0.99999360
                0.00000000                  4.83593750                  0.99999372
                0.00000000                  4.84375000                  0.99999384
                0.00000000                  4.85156250                  0.99999396
                0.00000000                  4.85937500                  0.99999408
                0.00000000                  4.86718750                  0.99999419
                0.00000000                  4.87500000                  0.99999430
                0.00000000                  4.88281250                  0.99999441
                0.00000000                  4.89062500                  0.99999452
                0.00000000                  4.89843750                  0.99999462
                0.00000000                  4.90625000                  0.99999473
                0.00000000                  4.91406250                  0.99999483
                0.00000000                  4.92187500                  0.99999493
                0.00000000                  4.92968750                  0.99999502
                0.00000000                  4.93750000                  0.99999512
                0.00000000                  4.94531250                  0.99999521
                0.00000000                  4.95312500                  0.99999531
                0.00000000                  4.96093750                  0.99999540
                0.00000000                  4.96875000                  0.99999548
                0.00000000                  4.97656250                  0.99999557
                0.00000000                  4.98437500                  0.99999566
                0.00000000                  4.99218750                  0.99999574
