                0.00000000                  0.00812500                  0.01625000
                0.00000000                  0.01625000                  0.03250000
                0.00000000                  0.02437500                  0.04875000
                0.00000000                  0.03250000                  0.06500000
                0.00000000                  0.04062500                  0.08125000
                0.00000000                  0.04875000                  0.09750000
                0.00000000                  0.05687500                  0.11375000
                0.00000000                  0.06500000                  0.13000000
                0.00000000                  0.07312500                  0.14607626
                0.00000000                  0.08125000                  0.16220811
                0.00000000                  0.08937500                  0.17795411
                0.00000000                  0.09750000                  0.19385179
                0.00000000                  0.10562500                  0.20915729
                0.00000000                  0.11375000                  0.22473639
                0.00000000                  0.12187500                  0.23953056
                0.00000000                  0.13000000                  0.25473794
                0.00000000                  0.13812500                  0.26897809
                0.00000000                  0.14625000                  0.28378505
                0.00000000                  0.15437500                  0.29744731
                0.00000000                  0.16250000                  0.31184294
                0.00000000                  0.17062500                  0.32491552
                0.00000000                  0.17875000                  0.33890156
                0.00000000                  0.18687500                  0.35138015
                0.00000000                  0.19500000                  0.36496729
                0.00000000                  0.20312500                  0.37685183
                0.00000000                  0.21125000                  0.39005717
                0.00000000                  0.21937500                  0.40134972
                0.00000000                  0.22750000                  0.41419507
                0.00000000                  0.23562500                  0.42489826
                0.00000000                  0.24375000                  0.43740905
                0.00000000                  0.25187500                  0.44752498
                0.00000000                  0.26000000                  0.45972956
                0.00000000                  0.26812500                  0.46925907
                0.00000000                  0.27625000                  0.48118832
                0.00000000                  0.28437500                  0.49013035
                0.00000000                  0.29250000                  0.50181752
                0.00000000                  0.30062500                  0.51016863
                0.00000000                  0.30875000                  0.52164931
                0.00000000                  0.31687500                  0.52940327
                0.00000000                  0.32500000                  0.54071547
                0.00000000                  0.33312500                  0.54786286
                0.00000000                  0.34125000                  0.55904727
                0.00000000                  0.34937500                  0.56557505
                0.00000000                  0.35750000                  0.57667528
                0.00000000                  0.36562500                  0.58256645
                0.00000000                  0.37375000                  0.59362938
                0.00000000                  0.38187500                  0.59886251
                0.00000000                  0.39000000                  0.60993873
                0.00000000                  0.39812500                  0.61448745
                0.00000000                  0.40625000                  0.62563177
                0.00000000                  0.41437500                  0.62946431
                0.00000000                  0.42250000                  0.64073630
                0.00000000                  0.43062500                  0.64381483
                0.00000000                  0.43875000                  0.65527947
                0.00000000                  0.44687500                  0.65755948
                0.00000000                  0.45500000                  0.66928790
                0.00000000                  0.46312500                  0.67071743
                0.00000000                  0.47125000                  0.68278773
                0.00000000                  0.47937500                  0.68330653
                0.00000000                  0.48750000                  0.69580470
                0.00000000                  0.49562500                  0.69534328
                0.00000000                  0.50375000                  0.70836423
                0.00000000                  0.51187500                  0.70684278
                0.00000000                  0.52000000                  0.72049153
                0.00000000                  0.52812500                  0.71781875
                0.00000000                  0.53625000                  0.73221169
                0.00000000                  0.54437500                  0.72828339
                0.00000000                  0.55250000                  0.74354981
                0.00000000                  0.56062500                  0.73824741
                0.00000000                  0.56875000                  0.75453110
                0.00000000                  0.57687500                  0.74771989
                0.00000000                  0.58500000                  0.76518102
                0.00000000                  0.59312500                  0.75670826
                0.00000000                  0.60125000                  0.77552545
                0.00000000                  0.60937500                  0.76521815
                0.00000000                  0.61750000                  0.78559079
                0.00000000                  0.62562500                  0.77325330
                0.00000000                  0.63375000                  0.79540419
                0.00000000                  0.64187500                  0.78081542
                0.00000000                  0.65000000                  0.80499371
                0.00000000                  0.65812500                  0.78790406
                0.00000000                  0.66625000                  0.81438853
                0.00000000                  0.67437500                  0.79451640
                0.00000000                  0.68250000                  0.82361920
                0.00000000                  0.69062500                  0.80064708
                0.00000000                  0.69875000                  0.83271787
                0.00000000                  0.70687500                  0.80628795
                0.00000000                  0.71500000                  0.84171861
                0.00000000                  0.72312500                  0.81142783
                0.00000000                  0.73125000                  0.85065769
                0.00000000                  0.73937500                  0.81605218
                0.00000000                  0.74750000                  0.85957396
                0.00000000                  0.75562500                  0.82014281
                0.00000000                  0.76375000                  0.86850923
                0.00000000                  0.77187500                  0.82367748
                0.00000000                  0.78000000                  0.87750872
                0.00000000                  0.78812500                  0.82662946
                0.00000000                  0.79625000                  0.88662153
                0.00000000                  0.80437500                  0.82896705
                0.00000000                  0.81250000                  0.89590123
                0.00000000                  0.82062500                  0.83065304
                0.00000000                  0.82875000                  0.90540641
                0.00000000                  0.83687500                  0.83164410
                0.00000000                  0.84500000                  0.91520144
                0.00000000                  0.85312500                  0.83189004
                0.00000000                  0.86125000                  0.92535717
                0.00000000                  0.86937500                  0.83133307
                0.00000000                  0.87750000                  0.93595184
                0.00000000                  0.88562500                  0.82990690
                0.00000000                  0.89375000                  0.94707204
                0.00000000                  0.90187500                  0.82753573
                0.00000000                  0.91000000                  0.95881377
                0.00000000                  0.91812500                  0.82413314
                0.00000000                  0.92625000                  0.97128370
                0.00000000                  0.93437500                  0.81960082
                0.00000000                  0.94250000                  0.98460046
                0.00000000                  0.95062500                  0.81382715
                0.00000000                  0.95875000                  0.99889626
                0.00000000                  0.96687500                  0.80668561
                0.00000000                  0.97500000                  1.01431855
                0.00000000                  0.98312500                  0.79803294
                0.00000000                  0.99125000                  1.03103197
                0.00000000                  0.99937500                  0.78770718
                0.00000000                  1.00750000                  1.04922049
                0.00000000                  1.01562500                  0.77552535
                0.00000000                  1.02375000                  1.06908989
                0.00000000                  1.03187500                  0.76128090
                0.00000000                  1.04000000                  1.09087046
                0.00000000                  1.04812500                  0.74474084
                0.00000000                  1.05625000                  1.11482006
                0.00000000                  1.06437500                  0.72564248
                0.00000000                  1.07250000                  1.14122759
                0.00000000                  1.08062500                  0.70368986
                0.00000000                  1.08875000                  1.17041684
                0.00000000                  1.09687500                  0.67854959
                0.00000000                  1.10500000                  1.20275085
                0.00000000                  1.11312500                  0.64984630
                0.00000000                  1.12125000                  1.23863678
                0.00000000                  1.12937500                  0.61715747
                0.00000000                  1.13750000                  1.27853142
                0.00000000                  1.14562500                  0.58000763
                0.00000000                  1.15375000                  1.32294731
                0.00000000                  1.16187500                  0.53786184
                0.00000000                  1.17000000                  1.37245972
                0.00000000                  1.17812500                  0.49011837
                0.00000000                  1.18625000                  1.42771437
                0.00000000                  1.19437500                  0.43610045
                0.00000000                  1.20250000                  1.48943621
                0.00000000                  1.21062500                  0.37504705
                0.00000000                  1.21875000                  1.55843924
                0.00000000                  1.22687500                  0.30610245
                0.00000000                  1.23500000                  1.63563750
                0.00000000                  1.24312500                  0.22830460
                0.00000000                  1.25125000                  1.72205752
                0.00000000                  1.25937500                  0.14057194
                0.00000000                  1.26750000                  1.81885218
                0.00000000                  1.27562500                  0.04168869
                0.00000000                  1.28375000                  1.92731643
                0.00000000                  1.29187500                 -0.06971173
                0.00000000                  1.30000000                  2.04890482
                0.00000000                  1.30812500                 -0.19516536
                0.00000000                  1.31625000                  2.18525128
                0.00000000                  1.32437500                 -0.33639857
                0.00000000                  1.33250000                  2.33819127
                0.00000000                  1.34062500                 -0.49535165
                0.00000000                  1.34875000                  2.50978679
                0.00000000                  1.35687500                 -0.67420515
                0.00000000                  1.36500000                  2.70235434
                0.00000000                  1.37312500                 -0.87540967
                0.00000000                  1.38125000                  2.91849643
                0.00000000                  1.38937500                 -1.10171914
                0.00000000                  1.39750000                  3.16113695
                0.00000000                  1.40562500                 -1.35622836
                0.00000000                  1.41375000                  3.43356092
                0.00000000                  1.42187500                 -1.64241513
                0.00000000                  1.43000000                  3.73945916
                0.00000000                  1.43812500                 -1.96418755
                0.00000000                  1.44625000                  4.08297846
                0.00000000                  1.45437500                 -2.32593723
                0.00000000                  1.46250000                  4.46877798
                0.00000000                  1.47062500                 -2.73259909
                0.00000000                  1.47875000                  4.90209261
                0.00000000                  1.48687500                 -3.18971844
                0.00000000                  1.49500000                  5.38880415
                0.00000000                  1.50312500                 -3.70352652
                0.00000000                  1.51125000                  5.93552132
                0.00000000                  1.51937500                 -4.28102521
                0.00000000                  1.52750000                  6.54966962
                0.00000000                  1.53562500                 -4.93008238
                0.00000000                  1.54375000                  7.23959237
                0.00000000                  1.55187500                 -5.65953890
                0.00000000                  1.56000000                  8.01466413
                0.00000000                  1.56812500                 -6.47932890
                0.00000000                  1.57625000                  8.88541827
                0.00000000                  1.58437500                 -7.40061500
                0.00000000                  1.59250000                  9.86369020
                0.00000000                  1.60062500                 -8.43594013
                0.00000000                  1.60875000                 10.96277841
                0.00000000                  1.61687500                 -9.59939819
                0.00000000                  1.62500000                 12.19762531
                0.00000000                  1.63312500                -10.90682578
                0.00000000                  1.64125000                 13.58502053
                0.00000000                  1.64937500                -12.37601771
                0.00000000                  1.65750000                 15.14382928
                0.00000000                  1.66562500                -14.02696901
                0.00000000                  1.67375000                 16.89524899
                0.00000000                  1.68187500                -15.88214701
                0.00000000                  1.69000000                 18.86309766
                0.00000000                  1.69812500                -17.96679698
                0.00000000                  1.70625000                 21.07413787
                0.00000000                  1.71437500                -20.30928558
                0.00000000                  1.72250000                 23.55844082
                0.00000000                  1.73062500                -22.94148673
                0.00000000                  1.73875000                 26.34979540
                0.00000000                  1.74687500                -25.89921528
                0.00000000                  1.75500000                 29.48616787
                0.00000000                  1.76312500                -29.22271422
                0.00000000                  1.77125000                 33.01021831
                0.00000000                  1.77937500                -32.95720211
                0.00000000                  1.78750000                 36.96988094
                0.00000000                  1.79562500                -37.15348831
                0.00000000                  1.80375000                 41.41901620
                0.00000000                  1.81187500                -41.86866413
                0.00000000                  1.82000000                 46.41814347
                0.00000000                  1.82812500                -47.16687950
                0.00000000                  1.83625000                 52.03526434
                0.00000000                  1.84437500                -53.12021571
                0.00000000                  1.85250000                 58.34678767
                0.00000000                  1.86062500                -59.80966595
                0.00000000                  1.86875000                 65.43856903
                0.00000000                  1.87687500                -67.32623715
                0.00000000                  1.88500000                 73.40707869
                0.00000000                  1.89312500                -75.77218804
                0.00000000                  1.90125000                 82.36071393
                0.00000000                  1.90937500                -85.26242023
                0.00000000                  1.91750000                 92.42127368
                0.00000000                  1.92562500                -95.92604137
                0.00000000                  1.93375000                103.72561541
                0.00000000                  1.94187500               -107.90812145
                0.00000000                  1.95000000                116.42751693
                0.00000000                  1.95812500               -121.37166637
                0.00000000                  1.96625000                130.69976834
                0.00000000                  1.97437500               -136.49983539
                0.00000000                  1.98250000                146.73652262
                0.00000000                  1.99062500               -153.49843285
                0.00000000                  1.99875000                164.75593682
                0.00000000                  2.00687500               -172.59870784
                0.00000000                  2.01500000                185.00313988
                0.00000000                  2.02312500               -194.06050014
                0.00000000                  2.03125000                207.75356725
                0.00000000                  2.03937500               -218.17577497
                0.00000000                  2.04750000                233.31670786
                0.00000000                  2.05562500               -245.27259486
                0.00000000                  2.06375000                262.04031437
                0.00000000                  2.07187500               -275.71958256
                0.00000000                  2.08000000                294.31513390
                0.00000000                  2.08812500               -309.93093570
                0.00000000                  2.09625000                330.58022368
                0.00000000                  2.10437500               -348.37206147
                0.00000000                  2.11250000                371.32892387
                0.00000000                  2.12062500               -391.56590790
                0.00000000                  2.12875000                417.11556889
                0.00000000                  2.13687500               -440.10007797
                0.00000000                  2.14500000                468.56302843
                0.00000000                  2.15312500               -494.63482325
                0.00000000                  2.16125000                526.37118086
                0.00000000                  2.16937500               -555.91202581
                0.00000000                  2.17750000                591.32643426
                0.00000000                  2.18562500               -624.76529066
                0.00000000                  2.19375000                664.31242447
                0.00000000                  2.20187500               -702.13128595
                0.00000000                  2.21000000                746.32203599
                0.00000000                  2.21812500               -789.06248517
                0.00000000                  2.22625000                838.47090889
                0.00000000                  2.23437500               -886.74148487
                0.00000000                  2.24250000                942.01261582
                0.00000000                  2.25062500               -996.49709240
                0.00000000                  2.25875000               1058.35571530
                0.00000000                  2.26687500              -1119.82240276
                0.00000000                  2.27500000               1189.08291349
                0.00000000                  2.28312500              -1258.39511039
                0.00000000                  2.29125000               1335.97259499
                0.00000000                  2.29937500              -1414.10033217
                0.00000000                  2.30750000               1501.02301564
                0.00000000                  2.31562500              -1589.05625215
                0.00000000                  2.32375000               1686.47948638
                0.00000000                  2.33187500              -1785.64293694
                0.00000000                  2.34000000               1894.86491797
                0.00000000                  2.34812500              -2006.53471363
                0.00000000                  2.35625000               2129.01414222
                0.00000000                  2.36437500              -2254.73655083
                0.00000000                  2.37250000               2392.11247640
                0.00000000                  2.38062500              -2533.62493761
                0.00000000                  2.38875000               2687.73905570
                0.00000000                  2.39687500              -2846.99381662
                0.00000000                  2.40500000               3019.91552303
                0.00000000                  2.41312500              -3199.10619610
                0.00000000                  2.42125000               3393.16073866
                0.00000000                  2.42937500              -3594.75214300
                0.00000000                  2.43750000               3812.55225384
                0.00000000                  2.44562500              -4039.31394607
                0.00000000                  2.45375000               4283.79538483
                0.00000000                  2.46187500              -4538.83933543
                0.00000000                  2.47000000               4813.30082685
                0.00000000                  2.47812500              -5100.12375469
                0.00000000                  2.48625000               5408.27186383
                0.00000000                  2.49437500              -5730.80280477
                0.00000000                  2.50250000               6076.80236053
                0.00000000                  2.51062500              -6439.45611710
                0.00000000                  2.51875000               6827.98686974
                0.00000000                  2.52687500              -7235.72406916
                0.00000000                  2.53500000               7672.04435279
                0.00000000                  2.54312500              -8130.43893028
                0.00000000                  2.55125000               8620.45719623
                0.00000000                  2.55937500              -9135.77222158
                0.00000000                  2.56750000               9686.12741588
                0.00000000                  2.57562500             -10265.40029494
                0.00000000                  2.58375000              10883.55217325
                0.00000000                  2.59187500             -11534.69038331
                0.00000000                  2.60000000              12229.02099200
                0.00000000                  2.60812500             -12960.90965344
                0.00000000                  2.61625000              13740.83735733
                0.00000000                  2.62437500             -14563.46010493
                0.00000000                  2.63250000              15439.56771290
                0.00000000                  2.64062500             -16364.14251111
                0.00000000                  2.64875000              17348.32124253
                0.00000000                  2.65687500             -18387.45299239
                0.00000000                  2.66500000              19493.06424292
                0.00000000                  2.67312500             -20660.91625649
                0.00000000                  2.68125000              21902.97336390
                0.00000000                  2.68937500             -23215.46003903
                0.00000000                  2.69750000              24610.83252162
                0.00000000                  2.70562500             -26085.83583818
                0.00000000                  2.71375000              27653.47888440
                0.00000000                  2.72187500             -29311.09166705
                0.00000000                  2.73000000              31072.30399808
                0.00000000                  2.73812500             -32935.10325495
                0.00000000                  2.74625000              34913.81686823
                0.00000000                  2.75437500             -37007.17092395
                0.00000000                  2.76250000              39230.27665932
                0.00000000                  2.77062500             -41582.69026052
                0.00000000                  2.77875000              44080.40361779
                0.00000000                  2.78687500             -46723.90570586
                0.00000000                  2.79500000              49530.17789042
                0.00000000                  2.80312500             -52500.75731675
                0.00000000                  2.81125000              55653.73710497
                0.00000000                  2.81937500             -58991.83221594
                0.00000000                  2.82750000              62534.38492340
                0.00000000                  2.83562500             -66285.43367546
                0.00000000                  2.84375000              70265.72428814
                0.00000000                  2.85187500             -74480.78237654
                0.00000000                  2.86000000              78952.93077757
                0.00000000                  2.86812500             -83689.36618769
                0.00000000                  2.87625000              88714.18339333
                0.00000000                  2.88437500             -94036.45682314
                0.00000000                  2.89250000              99682.27224360
                0.00000000                  2.90062500            -105662.81401394
                0.00000000                  2.90875000             112006.40499292
                0.00000000                  2.91687500            -118726.60037488
                0.00000000                  2.92500000             125854.23665308
                0.00000000                  2.93312500            -133405.53301682
                0.00000000                  2.94125000             141414.15032805
                0.00000000                  2.94937500            -149899.30117426
                0.00000000                  2.95750000             158897.81993965
                0.00000000                  2.96562500            -168432.28273745
                0.00000000                  2.97375000             178543.08979685
                0.00000000                  2.98187500            -189256.59664379
                0.00000000                  2.99000000             200617.21018169
                0.00000000                  2.99812500            -212655.53265299
                0.00000000                  3.00625000             225420.47296808
                0.00000000                  3.01437500            -238947.40516370
                0.00000000                  3.02250000             253290.29673186
                0.00000000                  3.03062500            -268489.88349825
                0.00000000                  3.03875000             284605.81692489
                0.00000000                  3.04687500            -301684.85756395
                0.00000000                  3.05500000             319793.04355714
                0.00000000                  3.06312500            -338983.90508207
                0.00000000                  3.07125000             359330.65655083
                0.00000000                  3.07937500            -380894.43476006
                0.00000000                  3.08750000             403756.51760538
                0.00000000                  3.09562500            -427986.58897699
                0.00000000                  3.10375000             453674.98715928
                0.00000000                  3.11187500            -480900.99988537
                0.00000000                  3.12000000             509765.14598745
                0.00000000                  3.12812500            -540357.50444149
                0.00000000                  3.13625000             572790.03327884
                0.00000000                  3.14437500            -607164.93692196
                0.00000000                  3.15250000             643607.02686750
                0.00000000                  3.16062500            -682232.13214182
                0.00000000                  3.16875000             723179.50682733
                0.00000000                  3.17687500            -766580.28905973
                0.00000000                  3.18500000             812589.96110003
                0.00000000                  3.19312500            -861356.86296232
                0.00000000                  3.20125000             913054.71144239
                0.00000000                  3.20937500            -967851.17521410
                0.00000000                  3.21750000            1025940.46002168
                0.00000000                  3.22562500           -1087511.95292481
                0.00000000                  3.23375000            1152782.88175589
                0.00000000                  3.24187500           -1221967.03714036
                0.00000000                  3.25000000            1295307.51532503
                0.00000000                  3.25812500           -1373045.52766357
                0.00000000                  3.26625000            1455453.23705076
                0.00000000                  3.27437500           -1542802.66575833
                0.00000000                  3.28250000            1635398.63697816
                0.00000000                  3.29062500           -1733547.79323658
                0.00000000                  3.29875000            1837591.65597459
                0.00000000                  3.30687500           -1947875.76827777
                0.00000000                  3.31500000            2064782.88702269
                0.00000000                  3.32312500           -2188702.26535531
                0.00000000                  3.33125000            2320062.99373163
                0.00000000                  3.33937500           -2459303.43948309
                0.00000000                  3.34750000            2606904.75510051
                0.00000000                  3.35562500           -2763360.49436639
                0.00000000                  3.36375000            2929210.30850221
                0.00000000                  3.37187500           -3105009.76075345
                0.00000000                  3.38000000            3291364.23357196
                0.00000000                  3.38812500           -3488898.96624329
                0.00000000                  3.39625000            3698293.19914285
                0.00000000                  3.40437500           -3920250.46203305
                0.00000000                  3.41250000            4155532.98465338
                0.00000000                  3.42062500           -4404932.26672863
                0.00000000                  3.42875000            4669303.78777257
                0.00000000                  3.43687500           -4949537.89368433
                0.00000000                  3.44500000            5246594.84271242
                0.00000000                  3.45312500           -5561476.04782647
                0.00000000                  3.46125000            5895259.50035814
                0.00000000                  3.46937500           -6249071.41217851
                0.00000000                  3.47750000            6624122.06366706
                0.00000000                  3.48562500           -7021677.89516709
                0.00000000                  3.49375000            7443097.83170333
                0.00000000                  3.50187500           -7889805.87930257
                0.00000000                  3.51000000            8363327.98536326
                0.00000000                  3.51812500           -8865265.20229938
                0.00000000                  3.52625000            9397331.14974948
                0.00000000                  3.53437500           -9961325.81572242
                0.00000000                  3.54250000           10559173.69501777
                0.00000000                  3.55062500          -11192898.30672727
                0.00000000                  3.55875000           11864661.09243495
                0.00000000                  3.56687500          -12576736.73867564
                0.00000000                  3.57500000           13331552.92881689
                0.00000000                  3.58312500          -14131666.57002863
                0.00000000                  3.59125000           14979804.50435973
                0.00000000                  3.59937500          -15878840.75208037
                0.00000000                  3.60750000           16831838.30051232
                0.00000000                  3.61562500          -17842027.48943418
                0.00000000                  3.62375000           18912849.01088399
                0.00000000                  3.63187500          -20047933.57785615
                0.00000000                  3.64000000           21251146.28476651
                0.00000000                  3.64812500          -22526567.71812940
                0.00000000                  3.65625000           23878539.84588382
                0.00000000                  3.66437500          -25311648.74835715
                0.00000000                  3.67250000           26830772.22544730
                0.00000000                  3.68062500          -28441064.34822411
                0.00000000                  3.68875000           30148004.99632957
                0.00000000                  3.69687500          -31957386.45533698
                0.00000000                  3.70500000           33875365.12298828
                0.00000000                  3.71312500          -35908450.40526292
                0.00000000                  3.72125000           38063558.85957383
                0.00000000                  3.72937500          -40348005.67377090
                0.00000000                  3.73750000           42769561.54756717
                0.00000000                  3.74562500          -45336447.07384137
                0.00000000                  3.75375000           48057392.69681480
                0.00000000                  3.76187500          -50941636.35450093
                0.00000000                  3.77000000           53998986.89400739
                0.00000000                  3.77812500          -57239825.37834639
                0.00000000                  3.78625000           60675172.38626467
                0.00000000                  3.79437500          -64316693.43647902
                0.00000000                  3.80250000           68176770.65228014
                0.00000000                  3.81062500          -72268512.81227142
                0.00000000                  3.81875000           76605831.91936903
                0.00000000                  3.82687500          -81203458.45006129
                0.00000000                  3.83500000           86077023.43414433
                0.00000000                  3.84312500          -91243079.54524046
                0.00000000                  3.85125000           96719189.37257423
                0.00000000                  3.85937500         -102523953.07495308
                0.00000000                  3.86750000          108677103.61012258
                0.00000000                  3.87562500         -115199541.76370129
                0.00000000                  3.88375000          122113439.19630294
                0.00000000                  3.89187500         -129442281.75924608
                0.00000000                  3.90000000          137210981.32598057
                0.00000000                  3.90812500         -145445928.41912541
                0.00000000                  3.91625000          154175113.91223648
                0.00000000                  3.92437500         -163428192.11939535
                0.00000000                  3.93250000          173236613.58762857
                0.00000000                  3.94062500         -183633699.94260296
                0.00000000                  3.94875000          194654789.14287916
                0.00000000                  3.95687500         -206337323.53519753
                0.00000000                  3.96500000          218721009.11127713
                0.00000000                  3.97312500         -231847918.40587786
                0.00000000                  3.98125000          245762665.48734209
                0.00000000                  3.98937500         -260512525.53353730
                0.00000000                  3.99750000          276147627.50137675
                0.00000000                  4.00562500         -292721092.44263005
                0.00000000                  4.01375000          310289246.03815818
                0.00000000                  4.02187500         -328911777.97051513
                0.00000000                  4.03000000          348651976.77886772
                0.00000000                  4.03812500         -369576912.89176238
                0.00000000                  4.04625000          391757698.56234694
                0.00000000                  4.05437500         -415269697.48654687
                0.00000000                  4.06250000          440192812.91939008
                0.00000000                  4.07062500         -466611727.16550136
                0.00000000                  4.07875000          494616221.36070216
                0.00000000                  4.08687500         -524301448.52810669
                0.00000000                  4.09500000          555768288.93993723
                0.00000000                  4.10312500         -589123660.88912725
                0.00000000                  4.11125000          624480916.03031719
                0.00000000                  4.11937500         -661960192.52994347
                0.00000000                  4.12750000          701688855.32924759
                0.00000000                  4.13562500         -743801896.91234040
                0.00000000                  4.14375000          788442428.04516900
                0.00000000                  4.15187500         -835762132.04882789
                0.00000000                  4.16000000          885921812.25508964
                0.00000000                  4.16812500         -939091906.40011764
                0.00000000                  4.17625000          995453097.80872166
                0.00000000                  4.18437500        -1055196897.34149098
                0.00000000                  4.19250000         1118526326.18689489
                0.00000000                  4.20062500        -1185656573.71383405
                0.00000000                  4.20875000         1256815760.72484016
                0.00000000                  4.21687500        -1332245682.59865642
                0.00000000                  4.22500000         1412202662.95236206
                0.00000000                  4.23312500        -1496958392.61885238
                0.00000000                  4.24125000         1586800884.89563131
                0.00000000                  4.24937500        -1682035422.20577788
                0.00000000                  4.25750000         1782985625.49310446
                0.00000000                  4.26562500        -1889994521.88011146
                0.00000000                  4.27375000         2003425742.32203388
                0.00000000                  4.28187500        -2123664725.22129703
                0.00000000                  4.29000000         2251120058.19778204
                0.00000000                  4.29812500        -2386224834.46882534
                0.00000000                  4.30625000         2529438156.55356741
                0.00000000                  4.31437500        -2681246664.30571556
                0.00000000                  4.32250000         2842166220.57275820
                0.00000000                  4.33062500        -3012743632.10386467
                0.00000000                  4.33875000         3193558539.66000223
                0.00000000                  4.34687500        -3385225355.64317799
                0.00000000                  4.35500000         3588395383.93482542
                0.00000000                  4.36312500        -3803759001.04080105
                0.00000000                  4.37125000         4032048034.06060743
                0.00000000                  4.37937500        -4274038215.45529079
                0.00000000                  4.38750000         4530551851.06160736
                0.00000000                  4.39562500        -4802460582.31231403
                0.00000000                  4.40375000         5090688380.15506172
                0.00000000                  4.41187500        -5396214652.73710728
                0.00000000                  4.42000000         5720077605.52227783
                0.00000000                  4.42812500        -6063377737.15173626
                0.00000000                  4.43625000         6427281611.03404045
                0.00000000                  4.44437500        -6813025787.37427616
                0.00000000                  4.45250000         7221921057.10984039
                0.00000000                  4.46062500        -7655356864.03378582
                0.00000000                  4.46875000         8114806058.23862839
                0.00000000                  4.47687500        -8601829868.92687035
                0.00000000                  4.48500000         9118083241.59243202
                0.00000000                  4.49312500        -9665320429.60275459
                0.00000000                  4.50125000        10245400987.28850365
                0.00000000                  4.50937500       -10860296056.79929924
                0.00000000                  4.51750000        11512095098.19515419
                0.00000000                  4.52562500       -12203012957.53629112
                0.00000000                  4.53375000        12935397425.09578896
                0.00000000                  4.54187500       -13711737181.27162743
                0.00000000                  4.55000000        14534670285.30571175
                0.00000000                  4.55812500       -15406993107.54797935
                0.00000000                  4.56625000        16331669863.72529030
                0.00000000                  4.57437500       -17311842655.50568390
                0.00000000                  4.58250000        18350842179.58404541
                0.00000000                  4.59062500       -19452199013.57167816
                0.00000000                  4.59875000        20619655645.14762115
                0.00000000                  4.60687500       -21857179157.23983765
                0.00000000                  4.61500000        23168974740.44899750
                0.00000000                  4.62312500       -24559499950.52325439
                0.00000000                  4.63125000        26033479887.43949890
                0.00000000                  4.63937500       -27595923219.56274414
                0.00000000                  4.64750000        29252139235.44278717
                0.00000000                  4.65562500       -31007755853.08291626
                0.00000000                  4.66375000        32868738775.98580933
                0.00000000                  4.67187500       -34841411732.96141815
                0.00000000                  4.68000000        36932477998.58173370
                0.00000000                  4.68812500       -39149043139.30136871
                0.00000000                  4.69625000        41498639190.64586639
                0.00000000                  4.70437500       -43989250219.51387787
                0.00000000                  4.71250000        46629339486.56534576
                0.00000000                  4.72062500       -49427878172.88492584
                0.00000000                  4.72875000        52394375896.64629364
                0.00000000                  4.73687500       -55538912995.36406708
                0.00000000                  4.74500000        58872174811.54135895
                0.00000000                  4.75312500       -62405487970.10663605
                0.00000000                  4.76125000        66150858899.02420807
                0.00000000                  4.76937500       -70121014595.86271667
                0.00000000                  4.77750000        74329445906.95922852
                0.00000000                  4.78562500       -78790453338.13505554
                0.00000000                  4.79375000        83519195680.73950195
                0.00000000                  4.80187500       -88531741490.14735413
                0.00000000                  4.81000000        93845123719.74645996
                0.00000000                  4.81812500       -99477397567.95509338
                0.00000000                  4.82625000       105447701862.94757080
                0.00000000                  4.83437500      -111776324065.56620789
                0.00000000                  4.84250000       118484769239.41497803
                0.00000000                  4.85062500      -125595833094.38789368
                0.00000000                  4.85875000       133133679479.95040894
                0.00000000                  4.86687500      -141123922463.38925171
                0.00000000                  4.87500000       149593713400.04891968
                0.00000000                  4.88312500      -158571833163.31460571
                0.00000000                  4.89125000       168088789975.85379028
                0.00000000                  4.89937500      -178176923046.44595337
                0.00000000                  4.90750000       188870512492.67080688
                0.00000000                  4.91562500      -200205895794.87399292
                0.00000000                  4.92375000       212221591305.23245239
                0.00000000                  4.93187500      -224958429103.50863647
                0.00000000                  4.94000000       238459689772.24923706
                0.00000000                  4.94812500      -252771251434.89877319
                0.00000000                  4.95625000       267941745684.56649780
                0.00000000                  4.96437500      -284022722805.21020508
                0.00000000                  4.97250000       301068826974.76123047
                0.00000000                  4.98062500      -319137981917.44812012
                0.00000000                  4.98875000       338291587764.27209473
                0.00000000                  4.99687500      -358594729662.48449707
