                0.00000000                  0.00796875                  0.01593750
                0.00000000                  0.01593750                  0.03187500
                0.00000000                  0.02390625                  0.04781250
                0.00000000                  0.03187500                  0.06375000
                0.00000000                  0.03984375                  0.07968750
                0.00000000                  0.04781250                  0.09562500
                0.00000000                  0.05578125                  0.11156250
                0.00000000                  0.06375000                  0.12750000
                0.00000000                  0.07171875                  0.14329161
                0.00000000                  0.07968750                  0.15910657
                0.00000000                  0.08765625                  0.17461587
                0.00000000                  0.09562500                  0.19018602
                0.00000000                  0.10359375                  0.20531523
                0.00000000                  0.11156250                  0.22054919
                0.00000000                  0.11953125                  0.23523563
                0.00000000                  0.12750000                  0.25007283
                0.00000000                  0.13546875                  0.26427992
                0.00000000                  0.14343750                  0.27868384
                0.00000000                  0.15140625                  0.29239319
                0.00000000                  0.15937500                  0.30634459
                0.00000000                  0.16734375                  0.31955005
                0.00000000                  0.17531250                  0.33304171
                0.00000000                  0.18328125                  0.34574529
                0.00000000                  0.19125000                  0.35877815
                0.00000000                  0.19921875                  0.37098710
                0.00000000                  0.20718750                  0.38356755
                0.00000000                  0.21515625                  0.39529249
                0.00000000                  0.22312500                  0.40743051
                0.00000000                  0.23109375                  0.41868405
                0.00000000                  0.23906250                  0.43039190
                0.00000000                  0.24703125                  0.44118781
                0.00000000                  0.25500000                  0.45247913
                0.00000000                  0.26296875                  0.46283173
                0.00000000                  0.27093750                  0.47372095
                0.00000000                  0.27890625                  0.48364473
                0.00000000                  0.28687500                  0.49414663
                0.00000000                  0.29484375                  0.50365597
                0.00000000                  0.30281250                  0.51378544
                0.00000000                  0.31078125                  0.52289446
                0.00000000                  0.31875000                  0.53266626
                0.00000000                  0.32671875                  0.54138871
                0.00000000                  0.33468750                  0.55081741
                0.00000000                  0.34265625                  0.55916661
                0.00000000                  0.35062500                  0.56826646
                0.00000000                  0.35859375                  0.57625524
                0.00000000                  0.36656250                  0.58504014
                0.00000000                  0.37453125                  0.59268086
                0.00000000                  0.38250000                  0.60116434
                0.00000000                  0.39046875                  0.60846885
                0.00000000                  0.39843750                  0.61666405
                0.00000000                  0.40640625                  0.62364371
                0.00000000                  0.41437500                  0.63156336
                0.00000000                  0.42234375                  0.63822905
                0.00000000                  0.43031250                  0.64588550
                0.00000000                  0.43828125                  0.65224761
                0.00000000                  0.44625000                  0.65965284
                0.00000000                  0.45421875                  0.66572128
                0.00000000                  0.46218750                  0.67288688
                0.00000000                  0.47015625                  0.67867112
                0.00000000                  0.47812500                  0.68560832
                0.00000000                  0.48609375                  0.69111739
                0.00000000                  0.49406250                  0.69783709
                0.00000000                  0.50203125                  0.70307957
                0.00000000                  0.51000000                  0.70959232
                0.00000000                  0.51796875                  0.71457639
                0.00000000                  0.52593750                  0.72089243
                0.00000000                  0.53390625                  0.72562586
                0.00000000                  0.54187500                  0.73175512
                0.00000000                  0.54984375                  0.73624527
                0.00000000                  0.55781250                  0.74219742
                0.00000000                  0.56578125                  0.74645128
                0.00000000                  0.57375000                  0.75223568
                0.00000000                  0.58171875                  0.75625987
                0.00000000                  0.58968750                  0.76188564
                0.00000000                  0.59765625                  0.76568642
                0.00000000                  0.60562500                  0.77116243
                0.00000000                  0.61359375                  0.77474569
                0.00000000                  0.62156250                  0.78008057
                0.00000000                  0.62953125                  0.78345187
                0.00000000                  0.63750000                  0.78865406
                0.00000000                  0.64546875                  0.79181863
                0.00000000                  0.65343750                  0.79689632
                0.00000000                  0.66140625                  0.79985905
                0.00000000                  0.66937500                  0.80482028
                0.00000000                  0.67734375                  0.80758576
                0.00000000                  0.68531250                  0.81243836
                0.00000000                  0.69328125                  0.81501084
                0.00000000                  0.70125000                  0.81976250
                0.00000000                  0.70921875                  0.82214595
                0.00000000                  0.71718750                  0.82680419
                0.00000000                  0.72515625                  0.82900226
                0.00000000                  0.73312500                  0.83357445
                0.00000000                  0.74109375                  0.83559052
                0.00000000                  0.74906250                  0.84008390
                0.00000000                  0.75703125                  0.84192105
                0.00000000                  0.76500000                  0.84634275
                0.00000000                  0.77296875                  0.84800377
                0.00000000                  0.78093750                  0.85236081
                0.00000000                  0.78890625                  0.85384822
                0.00000000                  0.79687500                  0.85814751
                0.00000000                  0.80484375                  0.85946354
                0.00000000                  0.81281250                  0.86371193
                0.00000000                  0.82078125                  0.86485855
                0.00000000                  0.82875000                  0.86906278
                0.00000000                  0.83671875                  0.87004170
                0.00000000                  0.84468750                  0.87420846
                0.00000000                  0.85265625                  0.87502110
                0.00000000                  0.86062500                  0.87915703
                0.00000000                  0.86859375                  0.87980456
                0.00000000                  0.87656250                  0.88391625
                0.00000000                  0.88453125                  0.88439957
                0.00000000                  0.89250000                  0.88849359
                0.00000000                  0.90046875                  0.88881334
                0.00000000                  0.90843750                  0.89289621
                0.00000000                  0.91640625                  0.89305278
                0.00000000                  0.92437500                  0.89713103
                0.00000000                  0.93234375                  0.89712453
                0.00000000                  0.94031250                  0.90120468
                0.00000000                  0.94828125                  0.90103498
                0.00000000                  0.95625000                  0.90512355
                0.00000000                  0.96421875                  0.90479024
                0.00000000                  0.97218750                  0.90889379
                0.00000000                  0.98015625                  0.90839620
                0.00000000                  0.98812500                  0.91252131
                0.00000000                  0.99609375                  0.91185851
                0.00000000                  1.00406250                  0.91601179
                0.00000000                  1.01203125                  0.91518259
                0.00000000                  1.02000000                  0.91937071
                0.00000000                  1.02796875                  0.91837366
                0.00000000                  1.03593750                  0.92260334
                0.00000000                  1.04390625                  0.92143670
                0.00000000                  1.05187500                  0.92571475
                0.00000000                  1.05984375                  0.92437652
                0.00000000                  1.06781250                  0.92870982
                0.00000000                  1.07578125                  0.92719771
                0.00000000                  1.08375000                  0.93159324
                0.00000000                  1.09171875                  0.92990471
                0.00000000                  1.09968750                  0.93436954
                0.00000000                  1.10765625                  0.93250174
                0.00000000                  1.11562500                  0.93704308
                0.00000000                  1.12359375                  0.93499287
                0.00000000                  1.13156250                  0.93961805
                0.00000000                  1.13953125                  0.93738201
                0.00000000                  1.14750000                  0.94209849
                0.00000000                  1.15546875                  0.93967289
                0.00000000                  1.16343750                  0.94448829
                0.00000000                  1.17140625                  0.94186910
                0.00000000                  1.17937500                  0.94679120
                0.00000000                  1.18734375                  0.94397407
                0.00000000                  1.19531250                  0.94901084
                0.00000000                  1.20328125                  0.94599111
                0.00000000                  1.21125000                  0.95115069
                0.00000000                  1.21921875                  0.94792336
                0.00000000                  1.22718750                  0.95321411
                0.00000000                  1.23515625                  0.94977386
                0.00000000                  1.24312500                  0.95520435
                0.00000000                  1.25109375                  0.95154548
                0.00000000                  1.25906250                  0.95712451
                0.00000000                  1.26703125                  0.95324102
                0.00000000                  1.27500000                  0.95897763
                0.00000000                  1.28296875                  0.95486311
                0.00000000                  1.29093750                  0.96076661
                0.00000000                  1.29890625                  0.95641430
                0.00000000                  1.30687500                  0.96249426
                0.00000000                  1.31484375                  0.95789700
                0.00000000                  1.32281250                  0.96416330
                0.00000000                  1.33078125                  0.95931353
                0.00000000                  1.33875000                  0.96577635
                0.00000000                  1.34671875                  0.96066612
                0.00000000                  1.35468750                  0.96733594
                0.00000000                  1.36265625                  0.96195686
                0.00000000                  1.37062500                  0.96884453
                0.00000000                  1.37859375                  0.96318778
                0.00000000                  1.38656250                  0.97030449
                0.00000000                  1.39453125                  0.96436080
                0.00000000                  1.40250000                  0.97171811
                0.00000000                  1.41046875                  0.96547775
                0.00000000                  1.41843750                  0.97308763
                0.00000000                  1.42640625                  0.96654036
                0.00000000                  1.43437500                  0.97441520
                0.00000000                  1.44234375                  0.96755029
                0.00000000                  1.45031250                  0.97570289
                0.00000000                  1.45828125                  0.96850913
                0.00000000                  1.46625000                  0.97695276
                0.00000000                  1.47421875                  0.96941836
                0.00000000                  1.48218750                  0.97816676
                0.00000000                  1.49015625                  0.97027939
                0.00000000                  1.49812500                  0.97934680
                0.00000000                  1.50609375                  0.97109356
                0.00000000                  1.51406250                  0.98049475
                0.00000000                  1.52203125                  0.97186215
                0.00000000                  1.53000000                  0.98161242
                0.00000000                  1.53796875                  0.97258634
                0.00000000                  1.54593750                  0.98270158
                0.00000000                  1.55390625                  0.97326725
                0.00000000                  1.56187500                  0.98376393
                0.00000000                  1.56984375                  0.97390594
                0.00000000                  1.57781250                  0.98480116
                0.00000000                  1.58578125                  0.97450340
                0.00000000                  1.59375000                  0.98581491
                0.00000000                  1.60171875                  0.97506055
                0.00000000                  1.60968750                  0.98680679
                0.00000000                  1.61765625                  0.97557825
                0.00000000                  1.62562500                  0.98777835
                0.00000000                  1.63359375                  0.97605730
                0.00000000                  1.64156250                  0.98873115
                0.00000000                  1.64953125                  0.97649842
                0.00000000                  1.65750000                  0.98966668
                0.00000000                  1.66546875                  0.97690231
                0.00000000                  1.67343750                  0.99058643
                0.00000000                  1.68140625                  0.97726956
                0.00000000                  1.68937500                  0.99149186
                0.00000000                  1.69734375                  0.97760075
                0.00000000                  1.70531250                  0.99238441
                0.00000000                  1.71328125                  0.97789636
                0.00000000                  1.72125000                  0.99326549
                0.00000000                  1.72921875                  0.97815685
                0.00000000                  1.73718750                  0.99413651
                0.00000000                  1.74515625                  0.97838261
                0.00000000                  1.75312500                  0.99499885
                0.00000000                  1.76109375                  0.97857396
                0.00000000                  1.76906250                  0.99585388
                0.00000000                  1.77703125                  0.97873119
                0.00000000                  1.78500000                  0.99670296
                0.00000000                  1.79296875                  0.97885452
                0.00000000                  1.80093750                  0.99754746
                0.00000000                  1.80890625                  0.97894412
                0.00000000                  1.81687500                  0.99838871
                0.00000000                  1.82484375                  0.97900010
                0.00000000                  1.83281250                  0.99922805
                0.00000000                  1.84078125                  0.97902254
                0.00000000                  1.84875000                  1.00006684
                0.00000000                  1.85671875                  0.97901143
                0.00000000                  1.86468750                  1.00090641
                0.00000000                  1.87265625                  0.97896673
                0.00000000                  1.88062500                  1.00174811
                0.00000000                  1.88859375                  0.97888835
                0.00000000                  1.89656250                  1.00259328
                0.00000000                  1.90453125                  0.97877613
                0.00000000                  1.91250000                  1.00344327
                0.00000000                  1.92046875                  0.97862986
                0.00000000                  1.92843750                  1.00429947
                0.00000000                  1.93640625                  0.97844929
                0.00000000                  1.94437500                  1.00516322
                0.00000000                  1.95234375                  0.97823409
                0.00000000                  1.96031250                  1.00603594
                0.00000000                  1.96828125                  0.97798390
                0.00000000                  1.97625000                  1.00691901
                0.00000000                  1.98421875                  0.97769829
                0.00000000                  1.99218750                  1.00781386
                0.00000000                  2.00015625                  0.97737677
                0.00000000                  2.00812500                  1.00872193
                0.00000000                  2.01609375                  0.97701879
                0.00000000                  2.02406250                  1.00964468
                0.00000000                  2.03203125                  0.97662376
                0.00000000                  2.04000000                  1.01058361
                0.00000000                  2.04796875                  0.97619102
                0.00000000                  2.05593750                  1.01154023
                0.00000000                  2.06390625                  0.97571983
                0.00000000                  2.07187500                  1.01251607
                0.00000000                  2.07984375                  0.97520943
                0.00000000                  2.08781250                  1.01351273
                0.00000000                  2.09578125                  0.97465895
                0.00000000                  2.10375000                  1.01453181
                0.00000000                  2.11171875                  0.97406749
                0.00000000                  2.11968750                  1.01557495
                0.00000000                  2.12765625                  0.97343406
                0.00000000                  2.13562500                  1.01664385
                0.00000000                  2.14359375                  0.97275762
                0.00000000                  2.15156250                  1.01774024
                0.00000000                  2.15953125                  0.97203706
                0.00000000                  2.16750000                  1.01886589
                0.00000000                  2.17546875                  0.97127118
                0.00000000                  2.18343750                  1.02002263
                0.00000000                  2.19140625                  0.97045872
                0.00000000                  2.19937500                  1.02121233
                0.00000000                  2.20734375                  0.96959835
                0.00000000                  2.21531250                  1.02243693
                0.00000000                  2.22328125                  0.96868864
                0.00000000                  2.23125000                  1.02369841
                0.00000000                  2.23921875                  0.96772812
                0.00000000                  2.24718750                  1.02499881
                0.00000000                  2.25515625                  0.96671519
                0.00000000                  2.26312500                  1.02634026
                0.00000000                  2.27109375                  0.96564819
                0.00000000                  2.27906250                  1.02772492
                0.00000000                  2.28703125                  0.96452538
                0.00000000                  2.29500000                  1.02915506
                0.00000000                  2.30296875                  0.96334491
                0.00000000                  2.31093750                  1.03063298
                0.00000000                  2.31890625                  0.96210485
                0.00000000                  2.32687500                  1.03216111
                0.00000000                  2.33484375                  0.96080317
                0.00000000                  2.34281250                  1.03374191
                0.00000000                  2.35078125                  0.95943773
                0.00000000                  2.35875000                  1.03537797
                0.00000000                  2.36671875                  0.95800630
                0.00000000                  2.37468750                  1.03707195
                0.00000000                  2.38265625                  0.95650654
                0.00000000                  2.39062500                  1.03882659
                0.00000000                  2.39859375                  0.95493598
                0.00000000                  2.40656250                  1.04064477
                0.00000000                  2.41453125                  0.95329207
                0.00000000                  2.42250000                  1.04252943
                0.00000000                  2.43046875                  0.95157211
                0.00000000                  2.43843750                  1.04448365
                0.00000000                  2.44640625                  0.94977329
                0.00000000                  2.45437500                  1.04651061
                0.00000000                  2.46234375                  0.94789267
                0.00000000                  2.47031250                  1.04861360
                0.00000000                  2.47828125                  0.94592717
                0.00000000                  2.48625000                  1.05079606
                0.00000000                  2.49421875                  0.94387358
                0.00000000                  2.50218750                  1.05306155
                0.00000000                  2.51015625                  0.94172855
                0.00000000                  2.51812500                  1.05541374
                0.00000000                  2.52609375                  0.93948857
                0.00000000                  2.53406250                  1.05785649
                0.00000000                  2.54203125                  0.93714997
                0.00000000                  2.55000000                  1.06039375
                0.00000000                  2.55796875                  0.93470895
                0.00000000                  2.56593750                  1.06302968
                0.00000000                  2.57390625                  0.93216151
                0.00000000                  2.58187500                  1.06576857
                0.00000000                  2.58984375                  0.92950348
                0.00000000                  2.59781250                  1.06861487
                0.00000000                  2.60578125                  0.92673054
                0.00000000                  2.61375000                  1.07157325
                0.00000000                  2.62171875                  0.92383815
                0.00000000                  2.62968750                  1.07464850
                0.00000000                  2.63765625                  0.92082158
                0.00000000                  2.64562500                  1.07784566
                0.00000000                  2.65359375                  0.91767591
                0.00000000                  2.66156250                  1.08116992
                0.00000000                  2.66953125                  0.91439601
                0.00000000                  2.67750000                  1.08462673
                0.00000000                  2.68546875                  0.91097652
                0.00000000                  2.69343750                  1.08822170
                0.00000000                  2.70140625                  0.90741185
                0.00000000                  2.70937500                  1.09196070
                0.00000000                  2.71734375                  0.90369619
                0.00000000                  2.72531250                  1.09584983
                0.00000000                  2.73328125                  0.89982347
                0.00000000                  2.74125000                  1.09989544
                0.00000000                  2.74921875                  0.89578737
                0.00000000                  2.75718750                  1.10410411
                0.00000000                  2.76515625                  0.89158130
                0.00000000                  2.77312500                  1.10848273
                0.00000000                  2.78109375                  0.88719839
                0.00000000                  2.78906250                  1.11303841
                0.00000000                  2.79703125                  0.88263149
                0.00000000                  2.80500000                  1.11777861
                0.00000000                  2.81296875                  0.87787315
                0.00000000                  2.82093750                  1.12271105
                0.00000000                  2.82890625                  0.87291560
                0.00000000                  2.83687500                  1.12784377
                0.00000000                  2.84484375                  0.86775074
                0.00000000                  2.85281250                  1.13318515
                0.00000000                  2.86078125                  0.86237015
                0.00000000                  2.86875000                  1.13874390
                0.00000000                  2.87671875                  0.85676505
                0.00000000                  2.88468750                  1.14452909
                0.00000000                  2.89265625                  0.85092629
                0.00000000                  2.90062500                  1.15055016
                0.00000000                  2.90859375                  0.84484433
                0.00000000                  2.91656250                  1.15681693
                0.00000000                  2.92453125                  0.83850926
                0.00000000                  2.93250000                  1.16333962
                0.00000000                  2.94046875                  0.83191074
                0.00000000                  2.94843750                  1.17012888
                0.00000000                  2.95640625                  0.82503799
                0.00000000                  2.96437500                  1.17719577
                0.00000000                  2.97234375                  0.81787980
                0.00000000                  2.98031250                  1.18455184
                0.00000000                  2.98828125                  0.81042449
                0.00000000                  2.99625000                  1.19220907
                0.00000000                  3.00421875                  0.80265989
                0.00000000                  3.01218750                  1.20017997
                0.00000000                  3.02015625                  0.79457334
                0.00000000                  3.02812500                  1.20847753
                0.00000000                  3.03609375                  0.78615163
                0.00000000                  3.04406250                  1.21711530
                0.00000000                  3.05203125                  0.77738102
                0.00000000                  3.06000000                  1.22610737
                0.00000000                  3.06796875                  0.76824720
                0.00000000                  3.07593750                  1.23546841
                0.00000000                  3.08390625                  0.75873527
                0.00000000                  3.09187500                  1.24521369
                0.00000000                  3.09984375                  0.74882970
                0.00000000                  3.10781250                  1.25535911
                0.00000000                  3.11578125                  0.73851433
                0.00000000                  3.12375000                  1.26592122
                0.00000000                  3.13171875                  0.72777233
                0.00000000                  3.13968750                  1.27691727
                0.00000000                  3.14765625                  0.71658617
                0.00000000                  3.15562500                  1.28836518
                0.00000000                  3.16359375                  0.70493759
                0.00000000                  3.17156250                  1.30028363
                0.00000000                  3.17953125                  0.69280759
                0.00000000                  3.18750000                  1.31269208
                0.00000000                  3.19546875                  0.68017638
                0.00000000                  3.20343750                  1.32561077
                0.00000000                  3.21140625                  0.66702333
                0.00000000                  3.21937500                  1.33906078
                0.00000000                  3.22734375                  0.65332700
                0.00000000                  3.23531250                  1.35306405
                0.00000000                  3.24328125                  0.63906503
                0.00000000                  3.25125000                  1.36764342
                0.00000000                  3.25921875                  0.62421415
                0.00000000                  3.26718750                  1.38282270
                0.00000000                  3.27515625                  0.60875013
                0.00000000                  3.28312500                  1.39862664
                0.00000000                  3.29109375                  0.59264773
                0.00000000                  3.29906250                  1.41508103
                0.00000000                  3.30703125                  0.57588068
                0.00000000                  3.31500000                  1.43221272
                0.00000000                  3.32296875                  0.55842162
                0.00000000                  3.33093750                  1.45004966
                0.00000000                  3.33890625                  0.54024206
                0.00000000                  3.34687500                  1.46862096
                0.00000000                  3.35484375                  0.52131233
                0.00000000                  3.36281250                  1.48795692
                0.00000000                  3.37078125                  0.50160156
                0.00000000                  3.37875000                  1.50808908
                0.00000000                  3.38671875                  0.48107758
                0.00000000                  3.39468750                  1.52905029
                0.00000000                  3.40265625                  0.45970689
                0.00000000                  3.41062500                  1.55087477
                0.00000000                  3.41859375                  0.43745463
                0.00000000                  3.42656250                  1.57359811
                0.00000000                  3.43453125                  0.41428449
                0.00000000                  3.44250000                  1.59725739
                0.00000000                  3.45046875                  0.39015866
                0.00000000                  3.45843750                  1.62189122
                0.00000000                  3.46640625                  0.36503777
                0.00000000                  3.47437500                  1.64753979
                0.00000000                  3.48234375                  0.33888084
                0.00000000                  3.49031250                  1.67424496
                0.00000000                  3.49828125                  0.31164518
                0.00000000                  3.50625000                  1.70205028
                0.00000000                  3.51421875                  0.28328636
                0.00000000                  3.52218750                  1.73100115
                0.00000000                  3.53015625                  0.25375810
                0.00000000                  3.53812500                  1.76114478
                0.00000000                  3.54609375                  0.22301222
                0.00000000                  3.55406250                  1.79253037
                0.00000000                  3.56203125                  0.19099855
                0.00000000                  3.57000000                  1.82520914
                0.00000000                  3.57796875                  0.15766486
                0.00000000                  3.58593750                  1.85923438
                0.00000000                  3.59390625                  0.12295676
                0.00000000                  3.60187500                  1.89466164
                0.00000000                  3.60984375                  0.08681760
                0.00000000                  3.61781250                  1.93154871
                0.00000000                  3.62578125                  0.04918843
                0.00000000                  3.63375000                  1.96995578
                0.00000000                  3.64171875                  0.01000785
                0.00000000                  3.64968750                  2.00994551
                0.00000000                  3.65765625                 -0.03078808
                0.00000000                  3.66562500                  2.05158317
                0.00000000                  3.67359375                 -0.07326592
                0.00000000                  3.68156250                  2.09493668
                0.00000000                  3.68953125                 -0.11749498
                0.00000000                  3.69750000                  2.14007679
                0.00000000                  3.70546875                 -0.16354743
                0.00000000                  3.71343750                  2.18707715
                0.00000000                  3.72140625                 -0.21149842
                0.00000000                  3.72937500                  2.23601445
                0.00000000                  3.73734375                 -0.26142618
                0.00000000                  3.74531250                  2.28696854
                0.00000000                  3.75328125                 -0.31341219
                0.00000000                  3.76125000                  2.34002256
                0.00000000                  3.76921875                 -0.36754125
                0.00000000                  3.77718750                  2.39526308
                0.00000000                  3.78515625                 -0.42390171
                0.00000000                  3.79312500                  2.45278023
                0.00000000                  3.80109375                 -0.48258552
                0.00000000                  3.80906250                  2.51266786
                0.00000000                  3.81703125                 -0.54368843
                0.00000000                  3.82500000                  2.57502369
                0.00000000                  3.83296875                 -0.60731014
                0.00000000                  3.84093750                  2.63994946
                0.00000000                  3.84890625                 -0.67355447
                0.00000000                  3.85687500                  2.70755112
                0.00000000                  3.86484375                 -0.74252951
                0.00000000                  3.87281250                  2.77793896
                0.00000000                  3.88078125                 -0.81434780
                0.00000000                  3.88875000                  2.85122784
                0.00000000                  3.89671875                 -0.88912652
                0.00000000                  3.90468750                  2.92753734
                0.00000000                  3.91265625                 -0.96698769
                0.00000000                  3.92062500                  3.00699198
                0.00000000                  3.92859375                 -1.04805836
                0.00000000                  3.93656250                  3.08972139
                0.00000000                  3.94453125                 -1.13247081
                0.00000000                  3.95250000                  3.17586057
                0.00000000                  3.96046875                 -1.22036277
                0.00000000                  3.96843750                  3.26555006
                0.00000000                  3.97640625                 -1.31187765
                0.00000000                  3.98437500                  3.35893622
                0.00000000                  3.99234375                 -1.40716478
                0.00000000                  4.00031250                  3.45617142
                0.00000000                  4.00828125                 -1.50637964
                0.00000000                  4.01625000                  3.55741431
                0.00000000                  4.02421875                 -1.60968411
                0.00000000                  4.03218750                  3.66283009
                0.00000000                  4.04015625                 -1.71724675
                0.00000000                  4.04812500                  3.77259077
                0.00000000                  4.05609375                 -1.82924308
                0.00000000                  4.06406250                  3.88687545
                0.00000000                  4.07203125                 -1.94585583
                0.00000000                  4.08000000                  4.00587059
                0.00000000                  4.08796875                 -2.06727527
                0.00000000                  4.09593750                  4.12977036
                0.00000000                  4.10390625                 -2.19369954
                0.00000000                  4.11187500                  4.25877692
                0.00000000                  4.11984375                 -2.32533491
                0.00000000                  4.12781250                  4.39310078
                0.00000000                  4.13578125                 -2.46239617
                0.00000000                  4.14375000                  4.53296110
                0.00000000                  4.15171875                 -2.60510695
                0.00000000                  4.15968750                  4.67858610
                0.00000000                  4.16765625                 -2.75370013
                0.00000000                  4.17562500                  4.83021339
                0.00000000                  4.18359375                 -2.90841815
                0.00000000                  4.19156250                  4.98809037
                0.00000000                  4.19953125                 -3.06951347
                0.00000000                  4.20750000                  5.15247465
                0.00000000                  4.21546875                 -3.23724894
                0.00000000                  4.22343750                  5.32363445
                0.00000000                  4.23140625                 -3.41189826
                0.00000000                  4.23937500                  5.50184906
                0.00000000                  4.24734375                 -3.59374639
                0.00000000                  4.25531250                  5.68740925
                0.00000000                  4.26328125                 -3.78309005
                0.00000000                  4.27125000                  5.88061782
                0.00000000                  4.27921875                 -3.98023820
                0.00000000                  4.28718750                  6.08179000
                0.00000000                  4.29515625                 -4.18551252
                0.00000000                  4.30312500                  6.29125406
                0.00000000                  4.31109375                 -4.39924795
                0.00000000                  4.31906250                  6.50935176
                0.00000000                  4.32703125                 -4.62179323
                0.00000000                  4.33500000                  6.73643898
                0.00000000                  4.34296875                 -4.85351150
                0.00000000                  4.35093750                  6.97288625
                0.00000000                  4.35890625                 -5.09478084
                0.00000000                  4.36687500                  7.21907938
                0.00000000                  4.37484375                 -5.34599493
                0.00000000                  4.38281250                  7.47542007
                0.00000000                  4.39078125                 -5.60756366
                0.00000000                  4.39875000                  7.74232660
                0.00000000                  4.40671875                 -5.87991384
                0.00000000                  4.41468750                  8.02023446
                0.00000000                  4.42265625                 -6.16348986
                0.00000000                  4.43062500                  8.30959712
                0.00000000                  4.43859375                 -6.45875442
                0.00000000                  4.44656250                  8.61088673
                0.00000000                  4.45453125                 -6.76618930
                0.00000000                  4.46250000                  8.92459489
                0.00000000                  4.47046875                 -7.08629613
                0.00000000                  4.47843750                  9.25123347
                0.00000000                  4.48640625                 -7.41959724
                0.00000000                  4.49437500                  9.59133546
                0.00000000                  4.50234375                 -7.76663645
                0.00000000                  4.51031250                  9.94545577
                0.00000000                  4.51828125                 -8.12798004
                0.00000000                  4.52625000                 10.31417223
                0.00000000                  4.53421875                 -8.50421759
                0.00000000                  4.54218750                 10.69808647
                0.00000000                  4.55015625                 -8.89596300
                0.00000000                  4.55812500                 11.09782491
                0.00000000                  4.56609375                 -9.30385549
                0.00000000                  4.57406250                 11.51403980
                0.00000000                  4.58203125                 -9.72856060
                0.00000000                  4.59000000                 11.94741026
                0.00000000                  4.59796875                -10.17077132
                0.00000000                  4.60593750                 12.39864343
                0.00000000                  4.61390625                -10.63120919
                0.00000000                  4.62187500                 12.86847556
                0.00000000                  4.62984375                -11.11062550
                0.00000000                  4.63781250                 13.35767329
                0.00000000                  4.64578125                -11.60980251
                0.00000000                  4.65375000                 13.86703481
                0.00000000                  4.66171875                -12.12955472
                0.00000000                  4.66968750                 14.39739126
                0.00000000                  4.67765625                -12.67073020
                0.00000000                  4.68562500                 14.94960800
                0.00000000                  4.69359375                -13.23421196
                0.00000000                  4.70156250                 15.52458607
                0.00000000                  4.70953125                -13.82091945
                0.00000000                  4.71750000                 16.12326366
                0.00000000                  4.72546875                -14.43180998
                0.00000000                  4.73343750                 16.74661762
                0.00000000                  4.74140625                -15.06788032
                0.00000000                  4.74937500                 17.39566507
                0.00000000                  4.75734375                -15.73016834
                0.00000000                  4.76531250                 18.07146503
                0.00000000                  4.77328125                -16.41975469
                0.00000000                  4.78125000                 18.77512022
                0.00000000                  4.78921875                -17.13776456
                0.00000000                  4.79718750                 19.50777876
                0.00000000                  4.80515625                -17.88536950
                0.00000000                  4.81312500                 20.27063612
                0.00000000                  4.82109375                -18.66378937
                0.00000000                  4.82906250                 21.06493705
                0.00000000                  4.83703125                -19.47429431
                0.00000000                  4.84500000                 21.89197760
                0.00000000                  4.85296875                -20.31820680
                0.00000000                  4.86093750                 22.75310722
                0.00000000                  4.86890625                -21.19690383
                0.00000000                  4.87687500                 23.64973101
                0.00000000                  4.88484375                -22.11181918
                0.00000000                  4.89281250                 24.58331198
                0.00000000                  4.90078125                -23.06444568
                0.00000000                  4.90875000                 25.55537343
                0.00000000                  4.91671875                -24.05633772
                0.00000000                  4.92468750                 26.56750146
                0.00000000                  4.93265625                -25.08911375
                0.00000000                  4.94062500                 27.62134754
                0.00000000                  4.94859375                -26.16445894
                0.00000000                  4.95656250                 28.71863121
                0.00000000                  4.96453125                -27.28412791
                0.00000000                  4.97250000                 29.86114290
                0.00000000                  4.98046875                -28.44994760
                0.00000000                  4.98843750                 31.05074682
                0.00000000                  4.99640625                -29.66382027
