 tt = 0.05
    0.05000000   -1.95000000    0.43750000    0.50000000    0.43750000    1.00000000
    0.05000000   -1.85000000    1.06250000    1.00000000    1.06250000    1.00000000
    0.05000000   -1.75000000    1.00000000    1.00000000    1.00000000    1.00000000
    0.05000000   -1.65000000    1.00000000    1.00000000    1.00000000    1.00000000
    0.05000000   -1.55000000    1.00000000    1.00000000    1.00000000    1.00000000
    0.05000000   -1.45000000    1.00000000    1.00000000    1.00000000    1.00000000
    0.05000000   -1.35000000    1.00000000    1.00000000    1.00000000    1.00000000
    0.05000000   -1.25000000    1.00000000    1.00000000    1.00000000    1.00000000
    0.05000000   -1.15000000    1.00000000    1.00000000    1.00000000    1.00000000
    0.05000000   -1.05000000    1.00000000    1.00000000    1.00000000    1.00000000
    0.05000000   -0.95000000    1.00000000    1.00000000    1.00000000    1.00000000
    0.05000000   -0.85000000    1.00000000    1.00000000    1.00000000    1.00000000
    0.05000000   -0.75000000    1.00000000    1.00000000    1.00000000    1.00000000
    0.05000000   -0.65000000    1.00000000    1.00000000    1.00000000    1.00000000
    0.05000000   -0.55000000    1.00000000    1.00000000    1.00000000    1.00000000
    0.05000000   -0.45000000    1.00000000    1.00000000    1.00000000    1.00000000
    0.05000000   -0.35000000    1.00000000    1.00000000    1.00000000    1.00000000
    0.05000000   -0.25000000    1.00000000    1.00000000    1.00000000    1.00000000
    0.05000000   -0.15000000    1.00000000    1.00000000    1.00000000    1.00000000
    0.05000000   -0.05000000    1.25000000    1.00000000    1.25000000    1.00000000
    0.05000000    0.05000000    0.50000000    0.50000000    0.50000000    0.00000000
    0.05000000    0.15000000   -0.25000000    0.00000000   -0.25000000    0.00000000
    0.05000000    0.25000000    0.00000000    0.00000000    0.00000000    0.00000000
    0.05000000    0.35000000    0.00000000    0.00000000    0.00000000    0.00000000
    0.05000000    0.45000000    0.00000000    0.00000000    0.00000000    0.00000000
    0.05000000    0.55000000    0.00000000    0.00000000    0.00000000    0.00000000
    0.05000000    0.65000000    0.00000000    0.00000000    0.00000000    0.00000000
    0.05000000    0.75000000    0.00000000    0.00000000    0.00000000    0.00000000
    0.05000000    0.85000000    0.00000000    0.00000000    0.00000000    0.00000000
    0.05000000    0.95000000    0.00000000    0.00000000    0.00000000    0.00000000
    0.05000000    1.05000000    0.00000000    0.00000000    0.00000000    0.00000000
    0.05000000    1.15000000    0.00000000    0.00000000    0.00000000    0.00000000
    0.05000000    1.25000000    0.00000000    0.00000000    0.00000000    0.00000000
    0.05000000    1.35000000    0.00000000    0.00000000    0.00000000    0.00000000
    0.05000000    1.45000000    0.00000000    0.00000000    0.00000000    0.00000000
    0.05000000    1.55000000    0.00000000    0.00000000    0.00000000    0.00000000
    0.05000000    1.65000000    0.00000000    0.00000000    0.00000000    0.00000000
    0.05000000    1.75000000    0.00000000    0.00000000    0.00000000    0.00000000
    0.05000000    1.85000000    0.00000000    0.00000000    0.00000000    0.00000000
    0.05000000    1.95000000    0.00000000    0.00000000    0.00000000    0.00000000
    0.05000000    2.05000000    0.00000000    0.00000000    0.00000000    0.00000000
    0.05000000    2.15000000    0.00000000    0.00000000    0.00000000    0.00000000
    0.05000000    2.25000000    0.00000000    0.00000000    0.00000000    0.00000000
    0.05000000    2.35000000    0.00000000    0.00000000    0.00000000    0.00000000
    0.05000000    2.45000000    0.00000000    0.00000000    0.00000000    0.00000000
    0.05000000    2.55000000    0.00000000    0.00000000    0.00000000    0.00000000
    0.05000000    2.65000000    0.00000000    0.00000000    0.00000000    0.00000000
    0.05000000    2.75000000    0.00000000    0.00000000    0.00000000    0.00000000
    0.05000000    2.85000000    0.00000000    0.00000000    0.00000000    0.00000000
    0.05000000    2.95000000    0.00000000    0.00000000    0.00000000    0.00000000
    0.05000000    3.05000000    0.00000000    0.00000000    0.00000000    0.00000000
    0.05000000    3.15000000    0.00000000    0.00000000    0.00000000    0.00000000
    0.05000000    3.25000000    0.00000000    0.00000000    0.00000000    0.00000000
    0.05000000    3.35000000    0.00000000    0.00000000    0.00000000    0.00000000
    0.05000000    3.45000000    0.00000000    0.00000000    0.00000000    0.00000000
    0.05000000    3.55000000    0.00000000    0.00000000    0.00000000    0.00000000
    0.05000000    3.65000000    0.00000000    0.00000000    0.00000000    0.00000000
    0.05000000    3.75000000    0.00000000    0.00000000    0.00000000    0.00000000
    0.05000000    3.85000000    0.00000000    0.00000000    0.00000000    0.00000000
    0.05000000    3.95000000   -0.06250000    0.00000000   -0.06250000    0.00000000
