 tt = 0.2
    0.20000000   -1.95000000   -0.06396484    0.01171875   -0.06396484    1.00000000
    0.20000000   -1.85000000    0.19073486    0.22851562    0.19073486    1.00000000
    0.20000000   -1.75000000    0.75604248    0.77148438    0.75604248    1.00000000
    0.20000000   -1.65000000    1.06079102    0.98828125    1.06079102    1.00000000
    0.20000000   -1.55000000    1.00341797    1.00000000    1.00341797    1.00000000
    0.20000000   -1.45000000    0.97436523    1.00000000    0.97436523    1.00000000
    0.20000000   -1.35000000    1.00073242    1.00000000    1.00073242    1.00000000
    0.20000000   -1.25000000    0.99975586    1.00000000    0.99975586    1.00000000
    0.20000000   -1.15000000    1.00000000    1.00000000    1.00000000    1.00000000
    0.20000000   -1.05000000    1.00000000    1.00000000    1.00000000    1.00000000
    0.20000000   -0.95000000    1.00000000    1.00000000    1.00000000    1.00000000
    0.20000000   -0.85000000    1.00000000    1.00000000    1.00000000    1.00000000
    0.20000000   -0.75000000    1.00000000    1.00000000    1.00000000    1.00000000
    0.20000000   -0.65000000    1.00000000    1.00000000    1.00000000    1.00000000
    0.20000000   -0.55000000    1.00000000    1.00000000    1.00000000    1.00000000
    0.20000000   -0.45000000    1.00000000    1.00000000    1.00000000    1.00000000
    0.20000000   -0.35000000    0.99975586    1.00000000    0.99975586    1.00000000
    0.20000000   -0.25000000    1.00610352    1.00000000    1.00610352    1.00000000
    0.20000000   -0.15000000    0.99218750    1.00000000    0.99218750    1.00000000
    0.20000000   -0.05000000    1.12890625    1.00000000    1.12890625    1.00000000
    0.20000000    0.05000000    1.39160156    0.98828125    1.39160156    1.00000000
    0.20000000    0.15000000    0.83789062    0.77148438    0.83789062    1.00000000
    0.20000000    0.25000000    0.16210938    0.22851562    0.16210938    0.00000000
    0.20000000    0.35000000   -0.39160156    0.01171875   -0.39160156    0.00000000
    0.20000000    0.45000000   -0.12890625    0.00000000   -0.12890625    0.00000000
    0.20000000    0.55000000    0.00781250    0.00000000    0.00781250    0.00000000
    0.20000000    0.65000000   -0.00610352    0.00000000   -0.00610352    0.00000000
    0.20000000    0.75000000    0.00024414    0.00000000    0.00024414    0.00000000
    0.20000000    0.85000000    0.00000000    0.00000000    0.00000000    0.00000000
    0.20000000    0.95000000    0.00000000    0.00000000    0.00000000    0.00000000
    0.20000000    1.05000000    0.00000000    0.00000000    0.00000000    0.00000000
    0.20000000    1.15000000    0.00000000    0.00000000    0.00000000    0.00000000
    0.20000000    1.25000000    0.00000000    0.00000000    0.00000000    0.00000000
    0.20000000    1.35000000    0.00000000    0.00000000    0.00000000    0.00000000
    0.20000000    1.45000000    0.00000000    0.00000000    0.00000000    0.00000000
    0.20000000    1.55000000    0.00000000    0.00000000    0.00000000    0.00000000
    0.20000000    1.65000000    0.00000000    0.00000000    0.00000000    0.00000000
    0.20000000    1.75000000    0.00000000    0.00000000    0.00000000    0.00000000
    0.20000000    1.85000000    0.00000000    0.00000000    0.00000000    0.00000000
    0.20000000    1.95000000    0.00000000    0.00000000    0.00000000    0.00000000
    0.20000000    2.05000000    0.00000000    0.00000000    0.00000000    0.00000000
    0.20000000    2.15000000    0.00000000    0.00000000    0.00000000    0.00000000
    0.20000000    2.25000000    0.00000000    0.00000000    0.00000000    0.00000000
    0.20000000    2.35000000    0.00000000    0.00000000    0.00000000    0.00000000
    0.20000000    2.45000000    0.00000000    0.00000000    0.00000000    0.00000000
    0.20000000    2.55000000    0.00000000    0.00000000    0.00000000    0.00000000
    0.20000000    2.65000000    0.00000000    0.00000000    0.00000000    0.00000000
    0.20000000    2.75000000    0.00000000    0.00000000    0.00000000    0.00000000
    0.20000000    2.85000000    0.00000000    0.00000000    0.00000000    0.00000000
    0.20000000    2.95000000    0.00000000    0.00000000    0.00000000    0.00000000
    0.20000000    3.05000000    0.00000000    0.00000000    0.00000000    0.00000000
    0.20000000    3.15000000    0.00000000    0.00000000    0.00000000    0.00000000
    0.20000000    3.25000000    0.00000000    0.00000000    0.00000000    0.00000000
    0.20000000    3.35000000    0.00000000    0.00000000    0.00000000    0.00000000
    0.20000000    3.45000000    0.00000000    0.00000000    0.00000000    0.00000000
    0.20000000    3.55000000    0.00000000    0.00000000    0.00000000    0.00000000
    0.20000000    3.65000000    0.00024414    0.00000000    0.00024414    0.00000000
    0.20000000    3.75000000   -0.00073242    0.00000000   -0.00073242    0.00000000
    0.20000000    3.85000000    0.02563477    0.00000000    0.02563477    0.00000000
    0.20000000    3.95000000   -0.00341797    0.00000000   -0.00341797    0.00000000
