 tt = 1.0
    1.00000000   -1.95000000    0.00393894    0.00000000    0.00393894    1.00000000
    1.00000000   -1.85000000    0.00320075    0.00000000    0.00320075    1.00000000
    1.00000000   -1.75000000   -0.00481921    0.00000001   -0.00481921    1.00000000
    1.00000000   -1.65000000   -0.00290287    0.00000025   -0.00290287    1.00000000
    1.00000000   -1.55000000    0.06877865    0.00000474    0.06877865    1.00000000
    1.00000000   -1.45000000    0.11996173    0.00006840    0.11996173    1.00000000
    1.00000000   -1.35000000    0.01468120    0.00080012    0.01468120    1.00000000
    1.00000000   -1.25000000   -0.12025672    0.00791737   -0.12025672    1.00000000
    1.00000000   -1.15000000   -0.06706820    0.06841713   -0.06706820    1.00000000
    1.00000000   -1.05000000    0.26764379    0.31990466    0.26764379    1.00000000
    1.00000000   -0.95000000    0.69314847    0.68009534    0.69314847    1.00000000
    1.00000000   -0.85000000    1.04451644    0.93158287    1.04451644    1.00000000
    1.00000000   -0.75000000    1.10823772    0.99208263    1.10823772    1.00000000
    1.00000000   -0.65000000    0.99284518    0.99919988    0.99284518    1.00000000
    1.00000000   -0.55000000    0.89395704    0.99993160    0.89395704    1.00000000
    1.00000000   -0.45000000    0.92985019    0.99999526    0.92985019    1.00000000
    1.00000000   -0.35000000    0.99757602    0.99999975    0.99757602    1.00000000
    1.00000000   -0.25000000    1.00464902    0.99999999    1.00464902    1.00000000
    1.00000000   -0.15000000    0.99828164    1.00000000    0.99828164    1.00000000
    1.00000000   -0.05000000    0.99792614    1.00000000    0.99792614    1.00000000
    1.00000000    0.05000000    0.99894818    1.00000000    0.99894818    1.00000000
    1.00000000    0.15000000    1.00525614    1.00000000    1.00525614    1.00000000
    1.00000000    0.25000000    1.03820788    0.99999999    1.03820788    1.00000000
    1.00000000    0.35000000    1.01559264    0.99999975    1.01559264    1.00000000
    1.00000000    0.45000000    0.96406977    0.99999526    0.96406977    1.00000000
    1.00000000    0.55000000    0.97602261    0.99993160    0.97602261    1.00000000
    1.00000000    0.65000000    1.37895061    0.99919988    1.37895061    1.00000000
    1.00000000    0.75000000    1.98969477    0.99208263    1.98969477    1.00000000
    1.00000000    0.85000000    1.49291897    0.93158287    1.49291897    1.00000000
    1.00000000    0.95000000    0.79784479    0.68009534    0.79784479    1.00000000
    1.00000000    1.05000000    0.20215521    0.31990466    0.20215521    0.00000000
    1.00000000    1.15000000   -0.49291897    0.06841713   -0.49291897    0.00000000
    1.00000000    1.25000000   -0.98969477    0.00791737   -0.98969477    0.00000000
    1.00000000    1.35000000   -0.37895062    0.00080012   -0.37895062    0.00000000
    1.00000000    1.45000000    0.02397739    0.00006840    0.02397739    0.00000000
    1.00000000    1.55000000    0.03593028    0.00000474    0.03593028    0.00000000
    1.00000000    1.65000000   -0.01559280    0.00000025   -0.01559280    0.00000000
    1.00000000    1.75000000   -0.03821443    0.00000001   -0.03821443    0.00000000
    1.00000000    1.85000000   -0.00427605    0.00000000   -0.00427605    0.00000000
    1.00000000    1.95000000    0.00031555    0.00000000    0.00031555    0.00000000
    1.00000000    2.05000000   -0.00017483    0.00000000   -0.00017483    0.00000000
    1.00000000    2.15000000   -0.00024522    0.00000000   -0.00024522    0.00000000
    1.00000000    2.25000000    0.00001076    0.00000000    0.00001076    0.00000000
    1.00000000    2.35000000    0.00000288    0.00000000    0.00000288    0.00000000
    1.00000000    2.45000000   -0.00000668    0.00000000   -0.00000668    0.00000000
    1.00000000    2.55000000    0.00000033    0.00000000    0.00000033    0.00000000
    1.00000000    2.65000000   -0.00000000    0.00000000   -0.00000000    0.00000000
    1.00000000    2.75000000   -0.00000001    0.00000000   -0.00000001    0.00000000
    1.00000000    2.85000000    0.00000000    0.00000000    0.00000000    0.00000000
    1.00000000    2.95000000   -0.00000000    0.00000000   -0.00000000    0.00000000
    1.00000000    3.05000000   -0.00000000    0.00000000   -0.00000000    0.00000000
    1.00000000    3.15000000    0.00000000    0.00000000    0.00000000    0.00000000
    1.00000000    3.25000000    0.00000000    0.00000000    0.00000000    0.00000000
    1.00000000    3.35000000   -0.00000000    0.00000000   -0.00000000    0.00000000
    1.00000000    3.45000000    0.00000021    0.00000000    0.00000021    0.00000000
    1.00000000    3.55000000   -0.00000011    0.00000000   -0.00000011    0.00000000
    1.00000000    3.65000000    0.00000624    0.00000000    0.00000624    0.00000000
    1.00000000    3.75000000    0.00005232    0.00000000    0.00005232    0.00000000
    1.00000000    3.85000000   -0.00002278    0.00000000   -0.00002278    0.00000000
    1.00000000    3.95000000   -0.00010875    0.00000000   -0.00010875    0.00000000
