 tt = 2.0
    2.00000000   -1.95000000    0.00000410    0.00000000    0.00000410    1.00000000
    2.00000000   -1.85000000    0.00003529    0.00000000    0.00003529    1.00000000
    2.00000000   -1.75000000   -0.00003192    0.00000000   -0.00003192    1.00000000
    2.00000000   -1.65000000   -0.00002797    0.00000000   -0.00002797    1.00000000
    2.00000000   -1.55000000    0.00068751    0.00000000    0.00068751    1.00000000
    2.00000000   -1.45000000    0.00111694    0.00000000    0.00111694    1.00000000
    2.00000000   -1.35000000   -0.00035607    0.00000000   -0.00035607    1.00000000
    2.00000000   -1.25000000   -0.00225968    0.00000000   -0.00225968    1.00000000
    2.00000000   -1.15000000    0.00757155    0.00000000    0.00757155    1.00000000
    2.00000000   -1.05000000    0.03154198    0.00000000    0.03154198    1.00000000
    2.00000000   -0.95000000    0.01878795    0.00000000    0.01878795    1.00000000
    2.00000000   -0.85000000   -0.01471816    0.00000004   -0.01471816    1.00000000
    2.00000000   -0.75000000   -0.04227693    0.00000043   -0.04227693    1.00000000
    2.00000000   -0.65000000    0.10383384    0.00000410    0.10383384    1.00000000
    2.00000000   -0.55000000    0.35514851    0.00003617    0.35514851    1.00000000
    2.00000000   -0.45000000    0.25686048    0.00029563    0.25686048    1.00000000
    2.00000000   -0.35000000   -0.01068669    0.00227356   -0.01068669    1.00000000
    2.00000000   -0.25000000   -0.33493620    0.01673857   -0.33493620    1.00000000
    2.00000000   -0.15000000   -0.25081066    0.10957357   -0.25081066    1.00000000
    2.00000000   -0.05000000    0.22157175    0.34953798    0.22157175    1.00000000
    2.00000000    0.05000000    0.74246056    0.65046202    0.74246056    1.00000000
    2.00000000    0.15000000    1.18983514    0.89042643    1.18983514    1.00000000
    2.00000000    0.25000000    1.27146672    0.98326143    1.27146672    1.00000000
    2.00000000    0.35000000    1.01508396    0.99772644    1.01508396    1.00000000
    2.00000000    0.45000000    0.79792871    0.99970437    0.79792871    1.00000000
    2.00000000    0.55000000    0.69443112    0.99996382    0.69443112    1.00000000
    2.00000000    0.65000000    0.89727213    0.99999590    0.89727213    1.00000000
    2.00000000    0.75000000    1.02512402    0.99999958    1.02512402    1.00000000
    2.00000000    0.85000000    1.02058723    0.99999996    1.02058723    1.00000000
    2.00000000    0.95000000    0.97068186    0.99999999    0.97068186    1.00000000
    2.00000000    1.05000000    1.00011141    0.99999999    1.00011141    1.00000000
    2.00000000    1.15000000    1.19073403    0.99999996    1.19073403    1.00000000
    2.00000000    1.25000000    1.16051461    0.99999958    1.16051461    1.00000000
    2.00000000    1.35000000    0.93449926    0.99999590    0.93449926    1.00000000
    2.00000000    1.45000000    0.72966760    0.99996382    0.72966760    1.00000000
    2.00000000    1.55000000    1.11738554    0.99970437    1.11738554    1.00000000
    2.00000000    1.65000000    2.07982564    0.99772644    2.07982564    1.00000000
    2.00000000    1.75000000    3.12519453    0.98326143    3.12519453    1.00000000
    2.00000000    1.85000000    2.12438526    0.89042643    2.12438526    1.00000000
    2.00000000    1.95000000    0.86764345    0.65046202    0.86764345    1.00000000
    2.00000000    2.05000000    0.13333835    0.34953798    0.13333835    0.00000000
    2.00000000    2.15000000   -1.12533227    0.10957357   -1.12533227    0.00000000
    2.00000000    2.25000000   -2.12559181    0.01673857   -2.12559181    0.00000000
    2.00000000    2.35000000   -1.06688700    0.00227356   -1.06688700    0.00000000
    2.00000000    2.45000000   -0.10845242    0.00029563   -0.10845242    0.00000000
    2.00000000    2.55000000    0.25226299    0.00003617    0.25226299    0.00000000
    2.00000000    2.65000000    0.05319294    0.00000410    0.05319294    0.00000000
    2.00000000    2.75000000   -0.15827443    0.00000043   -0.15827443    0.00000000
    2.00000000    2.85000000   -0.18560119    0.00000004   -0.18560119    0.00000000
    2.00000000    2.95000000   -0.02475209    0.00000000   -0.02475209    0.00000000
    2.00000000    3.05000000    0.01096175    0.00000000    0.01096175    0.00000000
    2.00000000    3.15000000    0.00187648    0.00000000    0.00187648    0.00000000
    2.00000000    3.25000000   -0.00512708    0.00000000   -0.00512708    0.00000000
    2.00000000    3.35000000   -0.00350950    0.00000000   -0.00350950    0.00000000
    2.00000000    3.45000000   -0.00001048    0.00000000   -0.00001048    0.00000000
    2.00000000    3.55000000    0.00017571    0.00000000    0.00017571    0.00000000
    2.00000000    3.65000000   -0.00009812    0.00000000   -0.00009812    0.00000000
    2.00000000    3.75000000   -0.00014253    0.00000000   -0.00014253    0.00000000
    2.00000000    3.85000000    0.00000947    0.00000000    0.00000947    0.00000000
    2.00000000    3.95000000    0.00000046    0.00000000    0.00000046    0.00000000
