      0.00   -0.00   -0.02   -0.06   -0.10   -0.14   -0.19   -0.23
     -0.26   -0.28   -0.30   -0.31   -0.31   -0.31   -0.30   -0.28
     -0.26   -0.23   -0.19   -0.15   -0.10   -0.04    0.03    0.10
      0.19    0.28    0.39    0.51    0.64    0.78    0.93    1.09
      1.26    1.45    1.64    1.84    2.05    2.26    2.47    2.68
      2.89    3.09    3.28    3.46    3.63    3.77    3.90    4.00
      4.07    4.10    4.11    4.08    4.02    3.92    3.78    3.60
      3.40    3.16    2.89    2.59    2.28    1.95    1.61    1.26
      0.92    0.58    0.26   -0.05   -0.33   -0.58   -0.80   -0.99
     -1.15   -1.27   -1.35   -1.41   -1.43   -1.42   -1.40   -1.35
     -1.28   -1.20   -1.11   -1.01   -0.90   -0.79   -0.69   -0.58
     -0.47   -0.37   -0.28   -0.19   -0.11   -0.05   -0.01    0.01
     -0.00   -0.00   -0.02   -0.03   -0.05   -0.08   -0.10   -0.13
     -0.15   -0.17   -0.18   -0.19   -0.19   -0.18   -0.17   -0.15
     -0.12   -0.09   -0.05    0.00    0.06    0.12    0.19    0.27
      0.35    0.45    0.55    0.67    0.79    0.93    1.07    1.22
      1.38    1.54    1.71    1.89    2.06    2.24    2.42    2.59
      2.76    2.92    3.07    3.21    3.33    3.44    3.53    3.60
      3.64    3.67    3.66    3.64    3.59    3.51    3.41    3.28
      3.13    2.96    2.76    2.55    2.33    2.09    1.84    1.59
      1.33    1.08    0.83    0.58    0.35    0.13   -0.08   -0.26
     -0.43   -0.57   -0.69   -0.79   -0.86   -0.91   -0.94   -0.95
     -0.95   -0.92   -0.88   -0.83   -0.77   -0.71   -0.63   -0.56
     -0.48   -0.40   -0.33   -0.26   -0.19   -0.13   -0.09   -0.05
     -0.02    0.01   -0.02   -0.03   -0.04   -0.05   -0.06   -0.06
     -0.07   -0.08   -0.08   -0.08   -0.08   -0.07   -0.05   -0.03
      0.00    0.04    0.08    0.13    0.19    0.25    0.32    0.41
      0.50    0.59    0.70    0.81    0.93    1.06    1.20    1.34
      1.49    1.64    1.79    1.95    2.10    2.25    2.40    2.54
      2.68    2.80    2.92    3.02    3.10    3.18    3.23    3.27
      3.29    3.30    3.29    3.26    3.21    3.14    3.06    2.97
      2.86    2.74    2.60    2.46    2.31    2.14    1.97    1.80
      1.62    1.44    1.26    1.08    0.90    0.72    0.55    0.39
      0.24    0.09   -0.04   -0.16   -0.26   -0.35   -0.43   -0.49
     -0.53   -0.56   -0.57   -0.58   -0.56   -0.54   -0.51   -0.47
     -0.43   -0.38   -0.33   -0.28   -0.23   -0.18   -0.14   -0.11
     -0.08   -0.05   -0.01   -0.06   -0.05   -0.05   -0.04   -0.03
     -0.03   -0.02   -0.01   -0.00    0.01    0.03    0.05    0.07
      0.10    0.14    0.19    0.24    0.30    0.37    0.44    0.53
      0.62    0.72    0.82    0.94    1.06    1.18    1.31    1.45
      1.59    1.72    1.86    2.00    2.13    2.26    2.39    2.50
      2.61    2.70    2.78    2.85    2.91    2.95    2.98    3.00
      3.00    2.99    2.97    2.94    2.90    2.84    2.78    2.71
      2.63    2.55    2.46    2.37    2.27    2.16    2.06    1.94
      1.83    1.71    1.59    1.47    1.34    1.21    1.08    0.95
      0.82    0.69    0.57    0.45    0.33    0.22    0.12    0.02
     -0.06   -0.13   -0.19   -0.24   -0.27   -0.30   -0.31   -0.31
     -0.31   -0.29   -0.27   -0.25   -0.22   -0.19   -0.17   -0.14
     -0.12   -0.11   -0.09   -0.05   -0.10   -0.08   -0.06   -0.03
     -0.01    0.01    0.03    0.05    0.08    0.10    0.13    0.16
      0.19    0.23    0.28    0.33    0.40    0.46    0.54    0.63
      0.72    0.82    0.93    1.04    1.16    1.28    1.41    1.54
      1.66    1.79    1.92    2.04    2.15    2.26    2.36    2.45
      2.53    2.60    2.66    2.70    2.73    2.75    2.76    2.76
      2.75    2.74    2.71    2.68    2.64    2.60    2.56    2.51
      2.46    2.41    2.35    2.30    2.24    2.18    2.12    2.06
      1.99    1.92    1.85    1.77    1.69    1.61    1.51    1.42
      1.32    1.21    1.11    0.99    0.88    0.77    0.65    0.54
      0.44    0.34    0.24    0.16    0.08    0.02   -0.04   -0.08
     -0.12   -0.14   -0.15   -0.16   -0.16   -0.16   -0.15   -0.15
     -0.14   -0.14   -0.14   -0.13   -0.12   -0.15   -0.10   -0.06
     -0.02    0.01    0.05    0.09    0.12    0.15    0.19    0.22
      0.26    0.31    0.36    0.41    0.48    0.55    0.63    0.71
      0.80    0.90    1.01    1.12    1.24    1.36    1.48    1.60
      1.72    1.84    1.95    2.06    2.16    2.25    2.33    2.40
      2.45    2.50    2.53    2.56    2.57    2.57    2.57    2.56
      2.54    2.52    2.49    2.47    2.44    2.41    2.38    2.35
      2.32    2.29    2.27    2.24    2.22    2.19    2.17    2.14
      2.11    2.08    2.05    2.01    1.97    1.92    1.86    1.80
      1.73    1.65    1.56    1.47    1.37    1.26    1.15    1.04
      0.92    0.81    0.69    0.58    0.48    0.38    0.29    0.21
      0.14    0.08    0.03   -0.01   -0.05   -0.07   -0.09   -0.11
     -0.12   -0.14   -0.15   -0.17   -0.19   -0.20   -0.19   -0.13
     -0.07   -0.01    0.04    0.09    0.14    0.18    0.23    0.27
      0.32    0.37    0.42    0.48    0.55    0.62    0.70    0.78
      0.87    0.97    1.08    1.19    1.30    1.42    1.54    1.65
      1.76    1.87    1.97    2.06    2.15    2.22    2.28    2.33
      2.37    2.39    2.41    2.41    2.41    2.40    2.39    2.37
      2.35    2.33    2.30    2.28    2.26    2.24    2.22    2.21
      2.20    2.19    2.19    2.18    2.18    2.19    2.19    2.19
      2.19    2.19    2.19    2.18    2.17    2.15    2.12    2.09
      2.05    1.99    1.93    1.86    1.78    1.69    1.59    1.48
      1.37    1.25    1.13    1.01    0.88    0.76    0.65    0.54
      0.43    0.34    0.26    0.18    0.12    0.06    0.02   -0.02
     -0.06   -0.10   -0.13   -0.17   -0.21   -0.25   -0.29   -0.23
     -0.15   -0.07   -0.00    0.07    0.13    0.19    0.25    0.31
      0.36    0.42    0.47    0.54    0.60    0.67    0.75    0.84
      0.93    1.03    1.13    1.24    1.35    1.47    1.58    1.68
      1.79    1.88    1.97    2.05    2.12    2.18    2.22    2.25
      2.27    2.28    2.28    2.28    2.26    2.24    2.22    2.20
      2.17    2.15    2.13    2.11    2.09    2.08    2.07    2.07
      2.07    2.07    2.08    2.10    2.11    2.13    2.16    2.18
      2.20    2.23    2.25    2.27    2.28    2.29    2.29    2.29
      2.27    2.25    2.21    2.17    2.11    2.04    1.96    1.87
      1.76    1.65    1.53    1.41    1.28    1.15    1.01    0.88
      0.76    0.64    0.53    0.42    0.33    0.25    0.17    0.10
      0.04   -0.02   -0.07   -0.13   -0.19   -0.25   -0.31   -0.38
     -0.27   -0.17   -0.07    0.02    0.10    0.18    0.25    0.32
      0.38    0.45    0.51    0.58    0.65    0.72    0.80    0.89
      0.98    1.07    1.18    1.28    1.39    1.50    1.60    1.70
      1.80    1.88    1.96    2.03    2.08    2.12    2.15    2.17
      2.17    2.17    2.16    2.14    2.11    2.09    2.06    2.03
      2.00    1.97    1.95    1.93    1.91    1.91    1.90    1.90
      1.91    1.92    1.94    1.96    1.99    2.02    2.06    2.10
      2.14    2.18    2.22    2.26    2.30    2.33    2.36    2.39
      2.40    2.41    2.40    2.39    2.36    2.31    2.25    2.18
      2.10    2.00    1.89    1.77    1.65    1.51    1.38    1.24
      1.10    0.96    0.83    0.70    0.58    0.47    0.36    0.27
      0.18    0.10    0.03   -0.05   -0.13   -0.20   -0.29   -0.38
     -0.48   -0.30   -0.17   -0.06    0.04    0.14    0.23    0.31
      0.39    0.46    0.53    0.61    0.68    0.76    0.84    0.92
      1.01    1.11    1.21    1.31    1.41    1.52    1.62    1.71
      1.80    1.87    1.94    1.99    2.04    2.06    2.08    2.08
      2.07    2.06    2.03    2.00    1.97    1.93    1.89    1.85
      1.82    1.79    1.76    1.74    1.72    1.71    1.71    1.71
      1.71    1.73    1.75    1.77    1.80    1.84    1.88    1.93
      1.98    2.03    2.09    2.15    2.21    2.27    2.32    2.38
      2.42    2.46    2.49    2.50    2.51    2.50    2.47    2.43
      2.37    2.29    2.20    2.10    1.98    1.86    1.72    1.58
      1.43    1.28    1.14    0.99    0.85    0.72    0.59    0.47
      0.36    0.26    0.16    0.06   -0.03   -0.12   -0.22   -0.33
     -0.44   -0.56   -0.31   -0.17   -0.05    0.07    0.18    0.28
      0.37    0.46    0.54    0.62    0.70    0.78    0.86    0.95
      1.04    1.13    1.23    1.33    1.43    1.53    1.62    1.71
      1.79    1.86    1.91    1.96    1.98    2.00    2.00    1.99
      1.97    1.94    1.90    1.86    1.82    1.77    1.72    1.68
      1.64    1.60    1.56    1.53    1.51    1.49    1.48    1.47
      1.47    1.48    1.50    1.52    1.55    1.58    1.62    1.67
      1.73    1.79    1.86    1.93    2.01    2.09    2.17    2.24
      2.32    2.39    2.45    2.51    2.55    2.58    2.59    2.59
      2.56    2.52    2.46    2.38    2.28    2.17    2.04    1.91
      1.76    1.61    1.45    1.30    1.14    0.99    0.84    0.70
      0.57    0.45    0.33    0.21    0.10   -0.01   -0.12   -0.24
     -0.36   -0.49   -0.64   -0.31   -0.16   -0.02    0.11    0.23
      0.34    0.44    0.53    0.62    0.71    0.79    0.88    0.96
      1.05    1.15    1.24    1.34    1.43    1.53    1.62    1.70
      1.77    1.83    1.88    1.91    1.93    1.93    1.92    1.90
      1.87    1.83    1.78    1.73    1.67    1.61    1.56    1.50
      1.45    1.40    1.35    1.31    1.28    1.25    1.22    1.21
      1.20    1.19    1.20    1.21    1.23    1.26    1.30    1.34
      1.40    1.46    1.53    1.61    1.70    1.79    1.89    1.99
      2.09    2.19    2.29    2.38    2.46    2.54    2.60    2.64
      2.66    2.66    2.64    2.60    2.54    2.45    2.34    2.22
      2.08    1.93    1.78    1.61    1.45    1.28    1.12    0.96
      0.81    0.66    0.52    0.39    0.26    0.14    0.01   -0.12
     -0.25   -0.39   -0.54   -0.71   -0.30   -0.13    0.02    0.16
      0.28    0.40    0.50    0.60    0.70    0.79    0.88    0.97
      1.06    1.15    1.25    1.34    1.43    1.52    1.61    1.68
      1.75    1.80    1.84    1.86    1.87    1.87    1.85    1.81
      1.77    1.71    1.65    1.59    1.52    1.45    1.38    1.32
      1.25    1.19    1.13    1.08    1.03    0.98    0.95    0.92
      0.89    0.87    0.86    0.86    0.87    0.89    0.91    0.95
      1.00    1.05    1.12    1.20    1.29    1.39    1.49    1.61
      1.73    1.85    1.98    2.11    2.23    2.35    2.46    2.55
      2.63    2.69    2.72    2.73    2.72    2.67    2.60    2.51
      2.39    2.26    2.11    1.94    1.77    1.60    1.42    1.25
      1.08    0.91    0.75    0.60    0.45    0.31    0.17    0.03
     -0.11   -0.26   -0.42   -0.58   -0.76   -0.27   -0.09    0.07
      0.21    0.34    0.46    0.57    0.68    0.78    0.87    0.97
      1.06    1.15    1.24    1.33    1.42    1.51    1.59    1.66
      1.72    1.77    1.80    1.82    1.82    1.80    1.77    1.73
      1.67    1.61    1.53    1.46    1.38    1.30    1.21    1.13
      1.05    0.98    0.90    0.84    0.77    0.71    0.66    0.61
      0.57    0.54    0.51    0.49    0.49    0.49    0.50    0.52
      0.56    0.60    0.66    0.73    0.81    0.90    1.01    1.13
      1.26    1.40    1.54    1.70    1.85    2.01    2.16    2.31
      2.44    2.56    2.66    2.74    2.78    2.80    2.79    2.74
      2.67    2.56    2.43    2.28    2.12    1.94    1.76    1.57
      1.38    1.20    1.02    0.84    0.68    0.52    0.36    0.21
      0.05   -0.10   -0.27   -0.44   -0.62   -0.81   -0.21   -0.03
      0.13    0.27    0.40    0.53    0.64    0.75    0.85    0.95
      1.05    1.14    1.23    1.32    1.41    1.49    1.57    1.64
      1.69    1.73    1.76    1.77    1.76    1.74    1.70    1.64
      1.58    1.50    1.42    1.33    1.24    1.14    1.05    0.95
      0.86    0.77    0.68    0.59    0.51    0.44    0.37    0.30
      0.24    0.19    0.15    0.12    0.09    0.08    0.07    0.08
      0.10    0.13    0.17    0.22    0.29    0.38    0.47    0.58
      0.71    0.85    1.00    1.16    1.33    1.52    1.70    1.89
      2.08    2.25    2.42    2.56    2.69    2.78    2.84    2.87
      2.86    2.81    2.73    2.61    2.47    2.30    2.12    1.92
      1.73    1.52    1.32    1.13    0.94    0.76    0.58    0.41
      0.24    0.08   -0.09   -0.27   -0.45   -0.64   -0.84   -0.14
      0.04    0.20    0.34    0.47    0.60    0.71    0.82    0.93
      1.03    1.12    1.22    1.31    1.39    1.47    1.55    1.61
      1.66    1.70    1.72    1.72    1.71    1.68    1.63    1.57
      1.49    1.40    1.31    1.21    1.10    1.00    0.89    0.78
      0.67    0.56    0.46    0.36    0.26    0.17    0.08    0.00
     -0.07   -0.14   -0.19   -0.24   -0.28   -0.32   -0.34   -0.35
     -0.35   -0.34   -0.31   -0.28   -0.23   -0.16   -0.08    0.01
      0.12    0.25    0.39    0.55    0.72    0.91    1.11    1.32
      1.54    1.76    1.98    2.19    2.39    2.56    2.71    2.83
      2.90    2.94    2.93    2.88    2.79    2.66    2.50    2.31
      2.11    1.90    1.68    1.47    1.25    1.05    0.85    0.66
      0.47    0.29    0.11   -0.08   -0.26   -0.46   -0.66   -0.87
     -0.04    0.13    0.28    0.42    0.55    0.67    0.78    0.89
      1.00    1.10    1.19    1.29    1.37    1.45    1.52    1.58
      1.63    1.67    1.68    1.68    1.66    1.62    1.57    1.50
      1.41    1.32    1.21    1.10    0.98    0.86    0.74    0.62
      0.49    0.37    0.25    0.14    0.02   -0.08   -0.18   -0.28
     -0.36   -0.44   -0.52   -0.58   -0.64   -0.68   -0.72   -0.74
     -0.76   -0.77   -0.76   -0.74   -0.72   -0.67   -0.62   -0.55
     -0.46   -0.35   -0.23   -0.09    0.06    0.24    0.44    0.65
      0.88    1.12    1.37    1.62    1.88    2.13    2.36    2.56
      2.74    2.88    2.97    3.01    3.01    2.95    2.84    2.70
      2.52    2.32    2.10    1.86    1.63    1.40    1.17    0.95
      0.74    0.54    0.34    0.15   -0.05   -0.25   -0.45   -0.67
     -0.88    0.09    0.24    0.38    0.51    0.62    0.74    0.85
      0.96    1.06    1.16    1.26    1.34    1.42    1.49    1.55
      1.60    1.63    1.65    1.64    1.62    1.58    1.51    1.44
      1.34    1.24    1.12    1.00    0.87    0.74    0.60    0.47
      0.33    0.19    0.06   -0.07   -0.19   -0.31   -0.43   -0.53
     -0.63   -0.72   -0.81   -0.88   -0.95   -1.01   -1.05   -1.09
     -1.12   -1.15   -1.16   -1.16   -1.15   -1.13   -1.09   -1.05
     -0.98   -0.91   -0.82   -0.71   -0.58   -0.43   -0.26   -0.06
      0.15    0.39    0.64    0.91    1.19    1.49    1.78    2.06
      2.33    2.57    2.77    2.93    3.04    3.09    3.08    3.02
      2.90    2.74    2.54    2.31    2.07    1.82    1.57    1.32
      1.08    0.85    0.62    0.41    0.19   -0.02   -0.23   -0.45
     -0.67   -0.90    0.24    0.37    0.49    0.60    0.70    0.81
      0.92    1.02    1.12    1.22    1.31    1.39    1.46    1.52
      1.57    1.60    1.61    1.61    1.58    1.53    1.47    1.38
      1.28    1.17    1.05    0.91    0.77    0.63    0.48    0.33
      0.18    0.04   -0.11   -0.25   -0.39   -0.52   -0.64   -0.76
     -0.87   -0.97   -1.06   -1.14   -1.22   -1.28   -1.34   -1.39
     -1.43   -1.46   -1.48   -1.50   -1.50   -1.50   -1.49   -1.46
     -1.43   -1.38   -1.32   -1.24   -1.14   -1.03   -0.90   -0.74
     -0.56   -0.36   -0.13    0.13    0.41    0.71    1.02    1.35
      1.68    2.00    2.30    2.58    2.81    2.99    3.12    3.17
      3.16    3.09    2.96    2.77    2.55    2.30    2.03    1.76
      1.49    1.23    0.97    0.72    0.49    0.26    0.03   -0.20
     -0.43   -0.67   -0.91    0.42    0.52    0.61    0.69    0.78
      0.88    0.98    1.08    1.18    1.27    1.35    1.43    1.49
      1.54    1.57    1.58    1.57    1.55    1.50    1.43    1.34
      1.23    1.11    0.98    0.84    0.69    0.53    0.38    0.22
      0.06   -0.10   -0.26   -0.41   -0.56   -0.70   -0.83   -0.95
     -1.07   -1.17   -1.27   -1.36   -1.44   -1.51   -1.57   -1.63
     -1.67   -1.71   -1.74   -1.77   -1.78   -1.79   -1.80   -1.79
     -1.78   -1.75   -1.72   -1.67   -1.61   -1.53   -1.44   -1.32
     -1.19   -1.03   -0.84   -0.63   -0.39   -0.11    0.19    0.51
      0.86    1.22    1.58    1.94    2.29    2.59    2.86    3.06
      3.20    3.26    3.25    3.16    3.01    2.80    2.55    2.27
      1.98    1.69    1.40    1.12    0.85    0.59    0.33    0.09
     -0.16   -0.41   -0.66   -0.91    0.63    0.69    0.74    0.80
      0.87    0.95    1.04    1.13    1.23    1.31    1.39    1.45
      1.50    1.54    1.55    1.54    1.52    1.47    1.40    1.31
      1.20    1.07    0.93    0.78    0.62    0.46    0.29    0.12
     -0.05   -0.22   -0.39   -0.55   -0.70   -0.85   -0.99   -1.12
     -1.24   -1.35   -1.45   -1.54   -1.62   -1.69   -1.75   -1.81
     -1.86   -1.90   -1.94   -1.97   -1.99   -2.01   -2.02   -2.02
     -2.02   -2.02   -2.00   -1.98   -1.95   -1.91   -1.85   -1.78
     -1.69   -1.58   -1.45   -1.29   -1.10   -0.88   -0.63   -0.34
     -0.02    0.33    0.71    1.10    1.51    1.90    2.28    2.63
      2.92    3.14    3.29    3.35    3.33    3.23    3.05    2.81
      2.54    2.23    1.92    1.60    1.29    0.99    0.71    0.43
      0.16   -0.11   -0.38   -0.64   -0.92    0.87    0.88    0.88
      0.91    0.95    1.02    1.10    1.18    1.27    1.35    1.41
      1.47    1.50    1.52    1.52    1.49    1.44    1.37    1.28
      1.17    1.04    0.89    0.74    0.57    0.40    0.22    0.04
     -0.14   -0.32   -0.49   -0.66   -0.82   -0.97   -1.12   -1.25
     -1.37   -1.49   -1.59   -1.68   -1.76   -1.83   -1.89   -1.95
     -2.00   -2.04   -2.07   -2.10   -2.13   -2.15   -2.17   -2.18
     -2.19   -2.19   -2.19   -2.19   -2.18   -2.16   -2.13   -2.10
     -2.05   -1.99   -1.90   -1.80   -1.67   -1.52   -1.33   -1.11
     -0.85   -0.55   -0.21    0.17    0.57    1.00    1.44    1.88
      2.30    2.68    3.00    3.24    3.39    3.45    3.41    3.28
      3.08    2.81    2.50    2.17    1.83    1.49    1.16    0.85
      0.54    0.25   -0.05   -0.33   -0.63   -0.92    1.14    1.08
      1.03    1.02    1.03    1.08    1.15    1.22    1.30    1.37
      1.43    1.47    1.49    1.49    1.47    1.43    1.36    1.27
      1.15    1.02    0.87    0.71    0.54    0.36    0.17   -0.02
     -0.20   -0.39   -0.57   -0.75   -0.92   -1.07   -1.22   -1.36
     -1.48   -1.60   -1.70   -1.79   -1.87   -1.93   -2.00   -2.05
     -2.09   -2.13   -2.16   -2.19   -2.21   -2.23   -2.25   -2.27
     -2.28   -2.29   -2.30   -2.30   -2.30   -2.30   -2.30   -2.29
     -2.27   -2.24   -2.20   -2.15   -2.08   -1.98   -1.87   -1.72
     -1.53   -1.31   -1.04   -0.73   -0.38    0.02    0.46    0.92
      1.41    1.88    2.34    2.75    3.09    3.35    3.50    3.55
      3.49    3.33    3.09    2.79    2.45    2.09    1.72    1.36
      1.01    0.68    0.35    0.03   -0.28   -0.60   -0.92    1.43
      1.30    1.19    1.13    1.12    1.14    1.19    1.26    1.33
      1.39    1.44    1.46    1.47    1.45    1.41    1.35    1.26
      1.15    1.01    0.86    0.70    0.52    0.33    0.14   -0.06
     -0.25   -0.44   -0.63   -0.82   -0.99   -1.15   -1.30   -1.44
     -1.57   -1.68   -1.78   -1.87   -1.94   -2.01   -2.07   -2.11
     -2.15   -2.19   -2.22   -2.24   -2.26   -2.28   -2.29   -2.31
     -2.32   -2.33   -2.34   -2.35   -2.36   -2.36   -2.37   -2.37
     -2.37   -2.37   -2.36   -2.34   -2.32   -2.27   -2.22   -2.13
     -2.03   -1.88   -1.71   -1.48   -1.21   -0.89   -0.52   -0.10
      0.37    0.87    1.39    1.91    2.40    2.85    3.21    3.47
      3.62    3.65    3.56    3.36    3.09    2.75    2.37    1.98
      1.59    1.20    0.83    0.47    0.12   -0.22   -0.57   -0.92
      1.74    1.54    1.36    1.25    1.20    1.20    1.24    1.29
      1.35    1.40    1.43    1.45    1.44    1.40    1.34    1.26
      1.15    1.02    0.87    0.70    0.52    0.33    0.13   -0.07
     -0.28   -0.48   -0.67   -0.86   -1.04   -1.21   -1.36   -1.50
     -1.63   -1.74   -1.84   -1.93   -2.00   -2.06   -2.12   -2.16
     -2.19   -2.22   -2.25   -2.26   -2.28   -2.29   -2.30   -2.31
     -2.32   -2.33   -2.34   -2.35   -2.36   -2.37   -2.38   -2.39
     -2.40   -2.41   -2.42   -2.42   -2.42   -2.41   -2.40   -2.37
     -2.32   -2.25   -2.16   -2.02   -1.85   -1.63   -1.36   -1.03
     -0.64   -0.19    0.31    0.85    1.41    1.97    2.50    2.97
      3.35    3.61    3.74    3.74    3.61    3.38    3.05    2.67
      2.26    1.84    1.42    1.01    0.61    0.23   -0.15   -0.53
     -0.92    2.08    1.78    1.54    1.37    1.28    1.25    1.27
      1.31    1.36    1.40    1.42    1.42    1.39    1.34    1.26
      1.16    1.03    0.88    0.71    0.53    0.33    0.13   -0.08
     -0.28   -0.49   -0.69   -0.89   -1.07   -1.25   -1.40   -1.55
     -1.68   -1.79   -1.89   -1.97   -2.04   -2.10   -2.15   -2.18
     -2.21   -2.24   -2.26   -2.27   -2.28   -2.29   -2.29   -2.30
     -2.30   -2.31   -2.31   -2.32   -2.33   -2.34   -2.35   -2.36
     -2.37   -2.39   -2.40   -2.42   -2.43   -2.44   -2.45   -2.46
     -2.46   -2.44   -2.40   -2.35   -2.26   -2.14   -1.97   -1.75
     -1.48   -1.13   -0.72   -0.25    0.29    0.87    1.47    2.07
      2.63    3.12    3.51    3.76    3.87    3.83    3.65    3.36
      2.99    2.56    2.11    1.66    1.21    0.78    0.35   -0.06
     -0.48   -0.90    2.43    2.04    1.72    1.49    1.36    1.30
      1.30    1.33    1.37    1.39    1.40    1.39    1.34    1.27
      1.18    1.05    0.91    0.74    0.56    0.36    0.15   -0.06
     -0.27   -0.49   -0.70   -0.90   -1.09   -1.26   -1.43   -1.57
     -1.70   -1.82   -1.92   -2.00   -2.07   -2.12   -2.17   -2.20
     -2.22   -2.24   -2.26   -2.26   -2.27   -2.27   -2.28   -2.28
     -2.28   -2.28   -2.28   -2.28   -2.28   -2.29   -2.30   -2.31
     -2.32   -2.33   -2.35   -2.37   -2.39   -2.41   -2.43   -2.45
     -2.47   -2.48   -2.49   -2.49   -2.47   -2.42   -2.35   -2.24
     -2.07   -1.86   -1.57   -1.21   -0.78   -0.28    0.30    0.92
      1.57    2.20    2.80    3.30    3.69    3.92    3.98    3.89
      3.65    3.31    2.88    2.41    1.93    1.44    0.96    0.50
      0.04   -0.42   -0.89    2.80    2.31    1.90    1.61    1.44
      1.35    1.33    1.35    1.37    1.38    1.37    1.34    1.28
      1.20    1.08    0.94    0.78    0.60    0.40    0.19   -0.03
     -0.24   -0.46   -0.68   -0.89   -1.08   -1.27   -1.43   -1.58
     -1.72   -1.83   -1.93   -2.01   -2.08   -2.13   -2.17   -2.20
     -2.23   -2.24   -2.25   -2.25   -2.25   -2.25   -2.25   -2.25
     -2.24   -2.24   -2.24   -2.24   -2.24   -2.24   -2.24   -2.25
     -2.26   -2.27   -2.28   -2.29   -2.31   -2.33   -2.36   -2.39
     -2.41   -2.44   -2.47   -2.50   -2.52   -2.52   -2.52   -2.48
     -2.42   -2.31   -2.16   -1.94   -1.64   -1.27   -0.81   -0.27
      0.35    1.02    1.71    2.38    3.00    3.51    3.88    4.08
      4.09    3.93    3.62    3.21    2.73    2.22    1.69    1.17
      0.66    0.15   -0.35   -0.86    3.18    2.59    2.09    1.74
      1.51    1.40    1.36    1.36    1.36    1.36    1.34    1.29
      1.22    1.11    0.98    0.83    0.65    0.45    0.24    0.02
     -0.20   -0.42   -0.64   -0.86   -1.06   -1.25   -1.42   -1.58
     -1.72   -1.84   -1.94   -2.02   -2.09   -2.14   -2.18   -2.21
     -2.22   -2.23   -2.24   -2.24   -2.24   -2.23   -2.23   -2.22
     -2.21   -2.21   -2.20   -2.20   -2.19   -2.19   -2.19   -2.19
     -2.20   -2.20   -2.21   -2.22   -2.24   -2.25   -2.27   -2.30
     -2.33   -2.36   -2.39   -2.43   -2.46   -2.50   -2.53   -2.55
     -2.55   -2.53   -2.48   -2.38   -2.22   -2.00   -1.69   -1.29
     -0.80   -0.22    0.44    1.16    1.90    2.61    3.25    3.75
      4.08    4.22    4.16    3.93    3.55    3.07    2.53    1.97
      1.40    0.84    0.29   -0.26   -0.82    3.57    2.87    2.29
      1.86    1.59    1.44    1.38    1.36    1.35    1.34    1.30
      1.24    1.15    1.03    0.88    0.71    0.52    0.31    0.09
     -0.14   -0.37   -0.59   -0.81   -1.02   -1.22   -1.40   -1.56
     -1.71   -1.83   -1.93   -2.02   -2.09   -2.14   -2.18   -2.20
     -2.22   -2.23   -2.23   -2.23   -2.22   -2.21   -2.20   -2.19
     -2.19   -2.18   -2.17   -2.16   -2.15   -2.15   -2.15   -2.15
     -2.15   -2.15   -2.15   -2.16   -2.17   -2.18   -2.19   -2.21
     -2.24   -2.26   -2.29   -2.33   -2.37   -2.41   -2.45   -2.50
     -2.54   -2.57   -2.58   -2.57   -2.53   -2.43   -2.27   -2.04
     -1.71   -1.29   -0.76   -0.12    0.59    1.36    2.14    2.89
      3.52    4.00    4.29    4.35    4.20    3.87    3.41    2.86
      2.27    1.66    1.05    0.44   -0.16   -0.77    3.96    3.15
      2.48    1.99    1.67    1.48    1.40    1.36    1.34    1.31
      1.26    1.18    1.08    0.94    0.78    0.59    0.39    0.17
     -0.06   -0.29   -0.52   -0.75   -0.97   -1.17   -1.36   -1.53
     -1.68   -1.81   -1.92   -2.01   -2.08   -2.13   -2.17   -2.20
     -2.21   -2.22   -2.22   -2.21   -2.21   -2.20   -2.18   -2.17
     -2.16   -2.15   -2.14   -2.13   -2.12   -2.12   -2.11   -2.11
     -2.11   -2.10   -2.11   -2.11   -2.11   -2.12   -2.13   -2.14
     -2.16   -2.18   -2.20   -2.23   -2.26   -2.30   -2.34   -2.39
     -2.44   -2.50   -2.54   -2.59   -2.61   -2.61   -2.57   -2.47
     -2.31   -2.06   -1.71   -1.25   -0.67    0.02    0.80    1.62
      2.45    3.20    3.83    4.27    4.47    4.44    4.19    3.76
      3.21    2.59    1.94    1.28    0.62   -0.04   -0.71    4.34
      3.43    2.67    2.11    1.74    1.52    1.41    1.36    1.32
      1.28    1.22    1.12    1.00    0.85    0.67    0.47    0.26
      0.03   -0.20   -0.44   -0.67   -0.90   -1.11   -1.31   -1.49
     -1.65   -1.78   -1.90   -1.99   -2.07   -2.12   -2.16   -2.19
     -2.20   -2.21   -2.21   -2.20   -2.19   -2.18   -2.17   -2.16
     -2.14   -2.13   -2.12   -2.11   -2.10   -2.09   -2.08   -2.08
     -2.08   -2.07   -2.07   -2.07   -2.07   -2.07   -2.08   -2.09
     -2.10   -2.11   -2.12   -2.14   -2.17   -2.20   -2.23   -2.27
     -2.32   -2.37   -2.43   -2.49   -2.55   -2.60   -2.64   -2.64
     -2.60   -2.51   -2.33   -2.06   -1.68   -1.17   -0.53    0.22
      1.06    1.94    2.80    3.57    4.16    4.52    4.62    4.47
      4.10    3.57    2.93    2.25    1.54    0.82    0.10   -0.62
      4.72    3.71    2.87    2.24    1.81    1.56    1.42    1.35
      1.30    1.24    1.17    1.06    0.92    0.76    0.57    0.36
      0.14   -0.10   -0.34   -0.58   -0.81   -1.03   -1.24   -1.43
     -1.60   -1.74   -1.87   -1.97   -2.05   -2.11   -2.15   -2.18
     -2.20   -2.20   -2.20   -2.19   -2.18   -2.17   -2.16   -2.14
     -2.13   -2.11   -2.10   -2.09   -2.08   -2.07   -2.06   -2.06
     -2.05   -2.05   -2.05   -2.04   -2.04   -2.04   -2.05   -2.05
     -2.05   -2.06   -2.07   -2.08   -2.09   -2.11   -2.14   -2.17
     -2.21   -2.25   -2.30   -2.36   -2.43   -2.49   -2.56   -2.62
     -2.66   -2.67   -2.63   -2.53   -2.34   -2.04   -1.61   -1.04
     -0.33    0.49    1.40    2.33    3.22    3.96    4.49    4.74
      4.72    4.43    3.93    3.30    2.58    1.82    1.05    0.27
     -0.52    5.09    3.99    3.06    2.36    1.89    1.60    1.44
      1.34    1.28    1.21    1.12    1.00    0.85    0.67    0.47
      0.25    0.02   -0.22   -0.47   -0.70   -0.93   -1.15   -1.35
     -1.53   -1.69   -1.82   -1.93   -2.02   -2.09   -2.14   -2.17
     -2.19   -2.20   -2.20   -2.19   -2.18   -2.16   -2.15   -2.13
     -2.12   -2.10   -2.09   -2.08   -2.07   -2.06   -2.05   -2.04
     -2.04   -2.03   -2.03   -2.03   -2.03   -2.02   -2.02   -2.02
     -2.03   -2.03   -2.03   -2.04   -2.05   -2.06   -2.07   -2.09
     -2.11   -2.15   -2.18   -2.23   -2.29   -2.35   -2.42   -2.50
     -2.58   -2.64   -2.69   -2.70   -2.66   -2.54   -2.33   -1.98
     -1.50   -0.86   -0.07    0.84    1.82    2.79    3.67    4.37
      4.79    4.91    4.73    4.30    3.67    2.93    2.13    1.30
      0.46   -0.40    5.44    4.25    3.25    2.49    1.96    1.64
      1.45    1.34    1.25    1.17    1.07    0.93    0.77    0.58
      0.37    0.14   -0.10   -0.34   -0.58   -0.82   -1.05   -1.26
     -1.45   -1.62   -1.77   -1.89   -1.99   -2.06   -2.12   -2.16
     -2.18   -2.19   -2.19   -2.18   -2.17   -2.16   -2.14   -2.13
     -2.11   -2.09   -2.08   -2.07   -2.06   -2.05   -2.04   -2.04
     -2.03   -2.03   -2.02   -2.02   -2.02   -2.01   -2.01   -2.01
     -2.01   -2.01   -2.01   -2.01   -2.02   -2.02   -2.03   -2.04
     -2.05   -2.07   -2.09   -2.13   -2.17   -2.22   -2.28   -2.35
     -2.43   -2.51   -2.59   -2.67   -2.72   -2.73   -2.68   -2.54
     -2.29   -1.89   -1.33   -0.61    0.27    1.27    2.31    3.31
      4.16    4.76    5.05    5.00    4.65    4.06    3.30    2.46
      1.58    0.67   -0.25    5.77    4.51    3.44    2.61    2.04
      1.67    1.46    1.33    1.23    1.13    1.01    0.87    0.70
      0.50    0.28    0.04   -0.20   -0.45   -0.69   -0.93   -1.15
     -1.36   -1.54   -1.70   -1.84   -1.95   -2.03   -2.10   -2.14
     -2.17   -2.18   -2.18   -2.18   -2.17   -2.15   -2.14   -2.12
     -2.10   -2.09   -2.08   -2.06   -2.05   -2.04   -2.04   -2.03
     -2.02   -2.02   -2.02   -2.01   -2.01   -2.01   -2.01   -2.01
     -2.00   -2.00   -2.00   -2.00   -2.00   -2.00   -2.01   -2.01
     -2.01   -2.02   -2.04   -2.05   -2.08   -2.11   -2.15   -2.21
     -2.27   -2.35   -2.43   -2.53   -2.62   -2.70   -2.76   -2.76
     -2.70   -2.52   -2.22   -1.75   -1.10   -0.28    0.71    1.79
      2.88    3.87    4.65    5.12    5.23    4.98    4.44    3.70
      2.82    1.88    0.91   -0.07    6.08    4.76    3.62    2.74
      2.11    1.71    1.47    1.32    1.20    1.09    0.96    0.81
      0.62    0.42    0.19   -0.05   -0.30   -0.55   -0.80   -1.03
     -1.25   -1.44   -1.62   -1.77   -1.89   -1.99   -2.06   -2.12
     -2.15   -2.17   -2.18   -2.18   -2.17   -2.15   -2.14   -2.12
     -2.10   -2.09   -2.07   -2.06   -2.05   -2.04   -2.03   -2.03
     -2.02   -2.02   -2.01   -2.01   -2.01   -2.01   -2.01   -2.00
     -2.00   -2.00   -2.00   -2.00   -2.00   -2.00   -2.00   -2.00
     -2.00   -2.00   -2.00   -2.01   -2.02   -2.04   -2.07   -2.10
     -2.14   -2.20   -2.27   -2.36   -2.45   -2.55   -2.66   -2.74
     -2.80   -2.79   -2.70   -2.48   -2.11   -1.55   -0.79    0.15
      1.24    2.40    3.52    4.46    5.12    5.40    5.29    4.83
      4.10    3.20    2.22    1.18    0.13    6.37    4.99    3.80
      2.86    2.19    1.75    1.48    1.31    1.18    1.05    0.91
      0.75    0.55    0.34    0.10   -0.14   -0.39   -0.64   -0.89
     -1.12   -1.33   -1.52   -1.68   -1.82   -1.94   -2.02   -2.09
     -2.13   -2.16   -2.17   -2.17   -2.17   -2.15   -2.14   -2.12
     -2.10   -2.09   -2.07   -2.06   -2.05   -2.04   -2.03   -2.02
     -2.02   -2.02   -2.01   -2.01   -2.01   -2.01   -2.01   -2.01
     -2.00   -2.00   -2.00   -2.00   -2.00   -2.00   -2.00   -1.99
     -1.99   -1.99   -1.99   -1.99   -2.00   -2.00   -2.01   -2.03
     -2.06   -2.09   -2.14   -2.20   -2.28   -2.37   -2.48   -2.59
     -2.70   -2.79   -2.84   -2.81   -2.68   -2.40   -1.94   -1.27
     -0.38    0.69    1.88    3.10    4.20    5.04    5.51    5.56
      5.20    4.51    3.61    2.58    1.48    0.36    6.62    5.20
      3.96    2.98    2.27    1.79    1.49    1.30    1.15    1.02
      0.87    0.69    0.49    0.26    0.02   -0.23   -0.48   -0.73
     -0.97   -1.20   -1.40   -1.58   -1.74   -1.87   -1.97   -2.05
     -2.11   -2.14   -2.16   -2.17   -2.17   -2.16   -2.14   -2.12
     -2.11   -2.09   -2.07   -2.06   -2.05   -2.04   -2.03   -2.02
     -2.02   -2.02   -2.01   -2.01   -2.01   -2.01   -2.01   -2.01
     -2.01   -2.01   -2.01   -2.00   -2.00   -2.00   -2.00   -2.00
     -2.00   -1.99   -1.99   -1.99   -1.99   -1.99   -1.99   -2.00
     -2.01   -2.02   -2.05   -2.09   -2.14   -2.21   -2.30   -2.40
     -2.51   -2.64   -2.75   -2.84   -2.87   -2.82   -2.63   -2.26
     -1.69   -0.89    0.14    1.34    2.63    3.87    4.89    5.56
      5.78    5.55    4.93    4.03    2.97    1.82    0.62    6.85
      5.40    4.13    3.10    2.35    1.84    1.51    1.29    1.13
      0.98    0.82    0.64    0.43    0.20   -0.05   -0.30   -0.56
     -0.81   -1.04   -1.26   -1.46   -1.64   -1.79   -1.91   -2.00
     -2.07   -2.12   -2.15   -2.16   -2.16   -2.16   -2.15   -2.13
     -2.11   -2.09   -2.08   -2.06   -2.05   -2.04   -2.03   -2.02
     -2.02   -2.02   -2.01   -2.01   -2.01   -2.01   -2.01   -2.01
     -2.01   -2.01   -2.01   -2.01   -2.01   -2.01   -2.01   -2.00
     -2.00   -2.00   -2.00   -1.99   -1.99   -1.99   -1.98   -1.98
     -1.98   -1.99   -2.00   -2.02   -2.05   -2.09   -2.15   -2.22
     -2.32   -2.43   -2.56   -2.70   -2.81   -2.90   -2.90   -2.80
     -2.53   -2.06   -1.34   -0.38    0.80    2.13    3.47    4.67
      5.53    5.95    5.87    5.34    4.47    3.38    2.18    0.92
      7.04    5.58    4.28    3.22    2.43    1.88    1.52    1.29
      1.11    0.95    0.78    0.58    0.37    0.13   -0.12   -0.37
     -0.63   -0.87   -1.11   -1.33   -1.52   -1.69   -1.83   -1.94
     -2.03   -2.09   -2.13   -2.15   -2.16   -2.16   -2.15   -2.13
     -2.12   -2.10   -2.08   -2.07   -2.05   -2.04   -2.03   -2.03
     -2.02   -2.02   -2.02   -2.01   -2.01   -2.01   -2.01   -2.01
     -2.01   -2.01   -2.01   -2.01   -2.01   -2.01   -2.01   -2.01
     -2.01   -2.01   -2.00   -2.00   -2.00   -1.99   -1.99   -1.98
     -1.98   -1.98   -1.98   -1.98   -2.00   -2.02   -2.05   -2.09
     -2.16   -2.25   -2.35   -2.48   -2.62   -2.77   -2.88   -2.95
     -2.92   -2.74   -2.37   -1.76   -0.87    0.27    1.61    3.04
      4.38    5.44    6.07    6.16    5.74    4.92    3.82    2.57
      1.25    7.21    5.74    4.42    3.33    2.51    1.93    1.54
      1.28    1.09    0.92    0.74    0.54    0.32    0.08   -0.18
     -0.43   -0.69   -0.93   -1.17   -1.38   -1.57   -1.73   -1.86
     -1.96   -2.04   -2.10   -2.13   -2.15   -2.16   -2.15   -2.14
     -2.12   -2.11   -2.09   -2.07   -2.06   -2.05   -2.04   -2.03
     -2.02   -2.02   -2.02   -2.01   -2.01   -2.01   -2.01   -2.01
     -2.02   -2.02   -2.02   -2.02   -2.02   -2.02   -2.02   -2.02
     -2.01   -2.01   -2.01   -2.01   -2.00   -2.00   -2.00   -1.99
     -1.99   -1.98   -1.98   -1.97   -1.98   -1.98   -1.99   -2.01
     -2.05   -2.10   -2.18   -2.28   -2.40   -2.55   -2.70   -2.85
     -2.96   -2.99   -2.90   -2.63   -2.12   -1.33   -0.25    1.08
      2.56    4.03    5.29    6.12    6.41    6.13    5.37    4.28
      2.99    1.62    7.33    5.88    4.56    3.45    2.59    1.98
      1.57    1.28    1.07    0.89    0.70    0.49    0.27    0.02
     -0.23   -0.49   -0.74   -0.99   -1.22   -1.42   -1.60   -1.76
     -1.89   -1.98   -2.06   -2.11   -2.14   -2.15   -2.15   -2.14
     -2.13   -2.12   -2.10   -2.08   -2.07   -2.05   -2.04   -2.03
     -2.03   -2.02   -2.02   -2.02   -2.02   -2.02   -2.02   -2.02
     -2.02   -2.02   -2.02   -2.02   -2.02   -2.02   -2.02   -2.02
     -2.02   -2.02   -2.02   -2.02   -2.01   -2.01   -2.01   -2.00
     -2.00   -1.99   -1.99   -1.98   -1.97   -1.97   -1.97   -1.98
     -1.99   -2.02   -2.06   -2.12   -2.21   -2.32   -2.46   -2.62
     -2.79   -2.94   -3.03   -3.01   -2.83   -2.43   -1.74   -0.74
      0.56    2.07    3.64    5.07    6.12    6.61    6.50    5.83
      4.76    3.45    2.03    7.42    6.00    4.68    3.56    2.67
      2.03    1.59    1.29    1.06    0.87    0.67    0.46    0.22
     -0.02   -0.28   -0.54   -0.79   -1.03   -1.26   -1.46   -1.64
     -1.79   -1.91   -2.00   -2.07   -2.11   -2.14   -2.15   -2.15
     -2.14   -2.12   -2.11   -2.09   -2.07   -2.06   -2.05   -2.04
     -2.03   -2.02   -2.02   -2.02   -2.02   -2.02   -2.02   -2.02
     -2.02   -2.02   -2.02   -2.02   -2.02   -2.02   -2.02   -2.02
     -2.02   -2.02   -2.02   -2.02   -2.02   -2.02   -2.01   -2.01
     -2.01   -2.00   -2.00   -1.99   -1.98   -1.98   -1.97   -1.97
     -1.97   -1.97   -1.99   -2.02   -2.07   -2.15   -2.25   -2.38
     -2.54   -2.72   -2.89   -3.03   -3.08   -2.99   -2.68   -2.10
     -1.19    0.05    1.56    3.22    4.80    6.05    6.77    6.84
      6.28    5.25    3.93    2.47    7.48    6.09    4.79    3.66
      2.76    2.09    1.62    1.30    1.05    0.84    0.64    0.42
      0.19   -0.06   -0.32   -0.58   -0.83   -1.07   -1.29   -1.49
     -1.66   -1.81   -1.92   -2.01   -2.07   -2.11   -2.14   -2.15
     -2.14   -2.13   -2.12   -2.10   -2.08   -2.07   -2.05   -2.04
     -2.03   -2.03   -2.02   -2.02   -2.02   -2.02   -2.02   -2.02
     -2.02   -2.02   -2.02   -2.02   -2.02   -2.02   -2.02   -2.02
     -2.03   -2.03   -2.03   -2.02   -2.02   -2.02   -2.02   -2.02
     -2.02   -2.01   -2.01   -2.00   -2.00   -1.99   -1.98   -1.97
     -1.97   -1.96   -1.96   -1.97   -1.99   -2.03   -2.10   -2.19
     -2.31   -2.46   -2.64   -2.83   -3.00   -3.11   -3.10   -2.89
     -2.42   -1.61   -0.44    1.05    2.76    4.48    5.94    6.88
      7.14    6.73    5.76    4.43    2.95    7.50    6.16    4.89
      3.76    2.84    2.15    1.66    1.31    1.05    0.83    0.61
      0.39    0.15   -0.10   -0.36   -0.62   -0.87   -1.11   -1.32
     -1.52   -1.69   -1.83   -1.94   -2.02   -2.08   -2.12   -2.14
     -2.14   -2.14   -2.13   -2.11   -2.09   -2.08   -2.06   -2.05
     -2.04   -2.03   -2.03   -2.02   -2.02   -2.02   -2.02   -2.02
     -2.02   -2.02   -2.02   -2.02   -2.02   -2.02   -2.03   -2.03
     -2.03   -2.03   -2.03   -2.03   -2.03   -2.03   -2.03   -2.02
     -2.02   -2.02   -2.02   -2.01   -2.01   -2.00   -1.99   -1.99
     -1.98   -1.97   -1.96   -1.96   -1.96   -1.97   -2.00   -2.05
     -2.13   -2.24   -2.38   -2.56   -2.76   -2.96   -3.12   -3.17
     -3.06   -2.69   -1.99   -0.91    0.55    2.29    4.12    5.76
      6.93    7.42    7.16    6.27    4.97    3.46    7.49    6.20
      4.97    3.85    2.93    2.21    1.69    1.32    1.05    0.81
      0.59    0.37    0.13   -0.13   -0.39   -0.64   -0.90   -1.13
     -1.35   -1.54   -1.70   -1.84   -1.95   -2.03   -2.08   -2.12
     -2.13   -2.14   -2.13   -2.12   -2.11   -2.09   -2.07   -2.06
     -2.05   -2.04   -2.03   -2.02   -2.02   -2.02   -2.02   -2.02
     -2.02   -2.02   -2.02   -2.02   -2.02   -2.03   -2.03   -2.03
     -2.03   -2.03   -2.03   -2.03   -2.03   -2.03   -2.03   -2.03
     -2.03   -2.03   -2.02   -2.02   -2.02   -2.01   -2.01   -2.00
     -1.99   -1.98   -1.97   -1.96   -1.95   -1.95   -1.96   -1.98
     -2.02   -2.08   -2.18   -2.31   -2.48   -2.69   -2.90   -3.10
     -3.22   -3.19   -2.92   -2.33   -1.34    0.06    1.80    3.72
      5.54    6.94    7.65    7.58    6.79    5.52    4.01    7.45
      6.23    5.04    3.94    3.01    2.28    1.74    1.34    1.05
      0.81    0.58    0.35    0.10   -0.15   -0.41   -0.67   -0.92
     -1.15   -1.37   -1.55   -1.72   -1.85   -1.95   -2.03   -2.08
     -2.11   -2.13   -2.13   -2.13   -2.12   -2.10   -2.09   -2.07
     -2.06   -2.05   -2.04   -2.03   -2.02   -2.02   -2.02   -2.02
     -2.02   -2.02   -2.02   -2.02   -2.02   -2.02   -2.03   -2.03
     -2.03   -2.03   -2.03   -2.03   -2.03   -2.03   -2.03   -2.03
     -2.03   -2.03   -2.03   -2.03   -2.02   -2.02   -2.02   -2.01
     -2.01   -2.00   -1.99   -1.98   -1.97   -1.96   -1.95   -1.95
     -1.96   -1.99   -2.04   -2.12   -2.24   -2.41   -2.61   -2.84
     -3.06   -3.23   -3.27   -3.10   -2.62   -1.74   -0.42    1.32
      3.30    5.28    6.90    7.85    7.97    7.31    6.09    4.60
      7.37    6.23    5.09    4.02    3.09    2.35    1.78    1.37
      1.06    0.80    0.57    0.33    0.08   -0.17   -0.43   -0.69
     -0.93   -1.17   -1.38   -1.56   -1.72   -1.85   -1.95   -2.03
     -2.08   -2.11   -2.13   -2.13   -2.12   -2.11   -2.10   -2.08
     -2.07   -2.06   -2.04   -2.04   -2.03   -2.02   -2.02   -2.02
     -2.02   -2.02   -2.02   -2.02   -2.02   -2.02   -2.03   -2.03
     -2.03   -2.03   -2.03   -2.03   -2.03   -2.03   -2.03   -2.03
     -2.03   -2.03   -2.03   -2.03   -2.03   -2.03   -2.03   -2.02
     -2.02   -2.01   -2.00   -1.99   -1.98   -1.97   -1.96   -1.95
     -1.94   -1.95   -1.96   -2.00   -2.07   -2.18   -2.33   -2.53
     -2.76   -3.01   -3.22   -3.33   -3.25   -2.88   -2.11   -0.87
      0.83    2.87    4.98    6.81    8.01    8.35    7.83    6.68
      5.21    7.26    6.20    5.13    4.09    3.17    2.42    1.84
      1.40    1.07    0.80    0.56    0.32    0.07   -0.18   -0.44
     -0.70   -0.94   -1.18   -1.39   -1.57   -1.73   -1.85   -1.95
     -2.03   -2.08   -2.11   -2.12   -2.13   -2.12   -2.11   -2.10
     -2.08   -2.07   -2.05   -2.04   -2.03   -2.03   -2.02   -2.02
     -2.02   -2.02   -2.02   -2.02   -2.02   -2.02   -2.03   -2.03
     -2.03   -2.03   -2.03   -2.03   -2.03   -2.03   -2.03   -2.03
     -2.03   -2.03   -2.03   -2.03   -2.03   -2.03   -2.03   -2.03
     -2.03   -2.02   -2.02   -2.01   -2.00   -1.99   -1.97   -1.96
     -1.95   -1.94   -1.94   -1.95   -1.98   -2.03   -2.13   -2.27
     -2.45   -2.69   -2.94   -3.19   -3.36   -3.37   -3.10   -2.44
     -1.29    0.36    2.41    4.65    6.68    8.12    8.69    8.35
      7.29    5.85    7.13    6.15    5.15    4.16    3.25    2.49
      1.89    1.44    1.09    0.81    0.56    0.31    0.06   -0.19
     -0.45   -0.70   -0.95   -1.18   -1.39   -1.57   -1.73   -1.85
     -1.95   -2.03   -2.08   -2.11   -2.12   -2.12   -2.12   -2.11
     -2.09   -2.08   -2.07   -2.05   -2.04   -2.03   -2.03   -2.02
     -2.02   -2.02   -2.02   -2.02   -2.02   -2.02   -2.02   -2.03
     -2.03   -2.03   -2.03   -2.03   -2.03   -2.03   -2.03   -2.03
     -2.03   -2.03   -2.03   -2.03   -2.03   -2.03   -2.03   -2.03
     -2.03   -2.03   -2.02   -2.02   -2.01   -2.00   -1.99   -1.98
     -1.97   -1.95   -1.94   -1.93   -1.93   -1.95   -2.00   -2.08
     -2.20   -2.38   -2.61   -2.88   -3.15   -3.37   -3.45   -3.28
     -2.73   -1.69   -0.11    1.96    4.29    6.51    8.20    9.01
      8.85    7.90    6.52    6.97    6.09    5.15    4.21    3.33
      2.56    1.95    1.48    1.12    0.82    0.56    0.31    0.06
     -0.19   -0.45   -0.71   -0.95   -1.18   -1.39   -1.57   -1.72
     -1.85   -1.95   -2.02   -2.07   -2.10   -2.12   -2.12   -2.12
     -2.11   -2.09   -2.08   -2.07   -2.05   -2.04   -2.04   -2.03
     -2.03   -2.02   -2.02   -2.02   -2.02   -2.02   -2.02   -2.02
     -2.03   -2.03   -2.03   -2.03   -2.03   -2.03   -2.03   -2.03
     -2.03   -2.03   -2.03   -2.03   -2.03   -2.03   -2.03   -2.03
     -2.03   -2.03   -2.03   -2.03   -2.02   -2.02   -2.01   -2.00
     -1.99   -1.97   -1.96   -1.94   -1.93   -1.93   -1.94   -1.97
     -2.04   -2.15   -2.31   -2.53   -2.80   -3.10   -3.36   -3.51
     -3.43   -2.99   -2.06   -0.56    1.49    3.90    6.31    8.24
      9.30    9.35    8.52    7.22    6.79    6.00    5.14    4.25
      3.40    2.64    2.02    1.53    1.15    0.84    0.57    0.32
      0.06   -0.19   -0.45   -0.70   -0.95   -1.17   -1.38   -1.56
     -1.72   -1.84   -1.94   -2.02   -2.07   -2.10   -2.11   -2.12
     -2.11   -2.10   -2.09   -2.08   -2.07   -2.05   -2.04   -2.04
     -2.03   -2.03   -2.02   -2.02   -2.02   -2.02   -2.02   -2.02
     -2.02   -2.03   -2.03   -2.03   -2.03   -2.03   -2.03   -2.03
     -2.03   -2.03   -2.03   -2.03   -2.03   -2.03   -2.03   -2.03
     -2.03   -2.03   -2.03   -2.03   -2.03   -2.03   -2.02   -2.01
     -2.00   -1.99   -1.98   -1.96   -1.94   -1.93   -1.92   -1.92
     -1.95   -2.00   -2.10   -2.25   -2.46   -2.73   -3.04   -3.33
     -3.55   -3.56   -3.22   -2.41   -0.99    1.03    3.50    6.07
      8.24    9.57    9.83    9.15    7.94    6.58    5.89    5.12
      4.29    3.46    2.71    2.08    1.58    1.18    0.86    0.59
      0.33    0.07   -0.18   -0.44   -0.69   -0.94   -1.16   -1.37
     -1.55   -1.70   -1.83   -1.93   -2.01   -2.06   -2.09   -2.11
     -2.12   -2.11   -2.10   -2.09   -2.08   -2.07   -2.05   -2.04
     -2.04   -2.03   -2.03   -2.02   -2.02   -2.02   -2.02   -2.02
     -2.02   -2.02   -2.03   -2.03   -2.03   -2.03   -2.03   -2.03
     -2.03   -2.03   -2.03   -2.03   -2.03   -2.03   -2.03   -2.03
     -2.03   -2.03   -2.03   -2.03   -2.03   -2.03   -2.03   -2.02
     -2.02   -2.01   -2.00   -1.98   -1.96   -1.95   -1.93   -1.92
     -1.91   -1.93   -1.97   -2.06   -2.19   -2.39   -2.66   -2.97
     -3.30   -3.56   -3.65   -3.43   -2.72   -1.40    0.58    3.09
      5.80    8.21    9.80   10.30    9.78    8.67    6.36    5.76
      5.07    4.31    3.52    2.79    2.16    1.64    1.23    0.89
      0.60    0.34    0.08   -0.17   -0.43   -0.68   -0.92   -1.15
     -1.35   -1.54   -1.69   -1.82   -1.92   -2.00   -2.05   -2.09
     -2.10   -2.11   -2.11   -2.10   -2.09   -2.08   -2.07   -2.06
     -2.05   -2.04   -2.03   -2.03   -2.03   -2.02   -2.02   -2.02
     -2.02   -2.02   -2.02   -2.03   -2.03   -2.03   -2.03   -2.03
     -2.03   -2.03   -2.03   -2.03   -2.03   -2.03   -2.03   -2.03
     -2.03   -2.03   -2.03   -2.03   -2.03   -2.03   -2.03   -2.03
     -2.03   -2.02   -2.01   -2.00   -1.98   -1.97   -1.95   -1.93
     -1.91   -1.91   -1.91   -1.95   -2.02   -2.14   -2.33   -2.58
     -2.90   -3.25   -3.56   -3.73   -3.60   -3.01   -1.79    0.12
      2.66    5.51    8.15   10.01   10.75   10.41    9.43    6.11
      5.61    5.01    4.32    3.57    2.86    2.23    1.70    1.28
      0.93    0.63    0.36    0.10   -0.16   -0.41   -0.66   -0.90
     -1.13   -1.33   -1.52   -1.67   -1.80   -1.91   -1.99   -2.04
     -2.08   -2.10   -2.11   -2.11   -2.10   -2.09   -2.08   -2.07
     -2.06   -2.05   -2.04   -2.03   -2.03   -2.03   -2.02   -2.02
     -2.02   -2.02   -2.02   -2.02   -2.03   -2.03   -2.03   -2.03
     -2.03   -2.03   -2.03   -2.03   -2.03   -2.03   -2.03   -2.03
     -2.03   -2.03   -2.03   -2.03   -2.04   -2.04   -2.04   -2.03
     -2.03   -2.03   -2.02   -2.01   -2.00   -1.99   -1.97   -1.95
     -1.93   -1.91   -1.90   -1.90   -1.93   -1.99   -2.09   -2.27
     -2.51   -2.83   -3.20   -3.54   -3.78   -3.75   -3.27   -2.16
     -0.32    2.23    5.19    8.05   10.19   11.18   11.04   10.19
      5.86    5.45    4.94    4.31    3.62    2.93    2.30    1.77
      1.33    0.97    0.66    0.39    0.12   -0.13   -0.39   -0.64
     -0.88   -1.10   -1.31   -1.49   -1.65   -1.78   -1.89   -1.97
     -2.03   -2.07   -2.09   -2.10   -2.11   -2.10   -2.09   -2.08
     -2.07   -2.06   -2.05   -2.04   -2.04   -2.03   -2.03   -2.03
     -2.02   -2.02   -2.02   -2.02   -2.02   -2.03   -2.03   -2.03
     -2.03   -2.03   -2.03   -2.03   -2.03   -2.03   -2.03   -2.03
     -2.03   -2.03   -2.03   -2.03   -2.03   -2.04   -2.04   -2.04
     -2.04   -2.03   -2.03   -2.02   -2.02   -2.01   -1.99   -1.98
     -1.96   -1.93   -1.91   -1.90   -1.89   -1.91   -1.96   -2.05
     -2.21   -2.45   -2.76   -3.14   -3.52   -3.81   -3.87   -3.50
     -2.51   -0.75    1.79    4.85    7.92   10.34   11.60   11.67
     10.97    5.59    5.27    4.85    4.29    3.65    3.00    2.38
      1.84    1.39    1.02    0.70    0.42    0.15   -0.11   -0.36
     -0.61   -0.85   -1.07   -1.28   -1.47   -1.63   -1.76   -1.87
     -1.95   -2.02   -2.06   -2.09   -2.10   -2.10   -2.10   -2.09
     -2.08   -2.07   -2.06   -2.05   -2.04   -2.04   -2.03   -2.03
     -2.03   -2.03   -2.02   -2.02   -2.02   -2.02   -2.03   -2.03
     -2.03   -2.03   -2.03   -2.03   -2.03   -2.03   -2.03   -2.03
     -2.03   -2.03   -2.03   -2.03   -2.03   -2.03   -2.04   -2.04
     -2.04   -2.04   -2.03   -2.03   -2.03   -2.02   -2.01   -2.00
     -1.98   -1.96   -1.94   -1.91   -1.90   -1.89   -1.89   -1.93
     -2.02   -2.16   -2.39   -2.70   -3.08   -3.48   -3.83   -3.97
     -3.72   -2.84   -1.17    1.34    4.49    7.77   10.46   12.00
     12.29   11.76    5.32    5.08    4.74    4.26    3.68    3.06
      2.46    1.92    1.46    1.07    0.74    0.45    0.18   -0.08
     -0.33   -0.58   -0.82   -1.04   -1.25   -1.44   -1.60   -1.74
     -1.85   -1.94   -2.00   -2.05   -2.08   -2.09   -2.10   -2.10
     -2.09   -2.08   -2.08   -2.07   -2.06   -2.05   -2.04   -2.04
     -2.03   -2.03   -2.03   -2.03   -2.03   -2.02   -2.03   -2.03
     -2.03   -2.03   -2.03   -2.03   -2.03   -2.03   -2.03   -2.03
     -2.03   -2.03   -2.03   -2.03   -2.03   -2.03   -2.03   -2.04
     -2.04   -2.04   -2.04   -2.04   -2.03   -2.03   -2.02   -2.01
     -2.00   -1.98   -1.96   -1.94   -1.91   -1.89   -1.88   -1.88
     -1.91   -1.98   -2.12   -2.33   -2.63   -3.01   -3.44   -3.84
     -4.06   -3.90   -3.15   -1.58    0.90    4.12    7.58   10.55
     12.39   12.91   12.55    5.03    4.88    4.62    4.22    3.70
      3.11    2.53    1.99    1.53    1.13    0.79    0.49    0.22
     -0.04   -0.29   -0.54   -0.78   -1.00   -1.21   -1.40   -1.57
     -1.71   -1.82   -1.91   -1.98   -2.03   -2.07   -2.09   -2.10
     -2.10   -2.09   -2.09   -2.08   -2.07   -2.06   -2.05   -2.04
     -2.04   -2.03   -2.03   -2.03   -2.03   -2.03   -2.03   -2.03
     -2.03   -2.03   -2.03   -2.03   -2.03   -2.03   -2.03   -2.03
     -2.03   -2.03   -2.03   -2.03   -2.03   -2.03   -2.03   -2.04
     -2.04   -2.04   -2.04   -2.04   -2.04   -2.03   -2.03   -2.02
     -2.01   -2.00   -1.98   -1.96   -1.94   -1.91   -1.89   -1.87
     -1.87   -1.89   -1.96   -2.08   -2.28   -2.57   -2.95   -3.40
     -3.83   -4.12   -4.07   -3.44   -1.98    0.45    3.73    7.38
     10.62   12.75   13.53   13.36    4.75    4.67    4.49    4.16
      3.70    3.16    2.60    2.07    1.60    1.20    0.85    0.54
      0.26    0.00   -0.25   -0.50   -0.74   -0.96   -1.17   -1.36
     -1.53   -1.67   -1.79   -1.89   -1.96   -2.02   -2.06   -2.08
     -2.09   -2.10   -2.09   -2.09   -2.08   -2.07   -2.06   -2.05
     -2.05   -2.04   -2.04   -2.03   -2.03   -2.03   -2.03   -2.03
     -2.03   -2.03   -2.03   -2.03   -2.03   -2.03   -2.03   -2.03
     -2.03   -2.03   -2.03   -2.03   -2.03   -2.03   -2.03   -2.03
     -2.04   -2.04   -2.04   -2.04   -2.04   -2.04   -2.03   -2.03
     -2.02   -2.01   -2.00   -1.98   -1.96   -1.94   -1.92   -1.89
     -1.87   -1.86   -1.88   -1.93   -2.04   -2.23   -2.51   -2.89
     -3.35   -3.82   -4.17   -4.22   -3.71   -2.36    0.00    3.32
      7.14   10.67   13.10   14.14   14.16    4.46    4.45    4.35
      4.09    3.69    3.20    2.67    2.15    1.68    1.27    0.91
      0.60    0.31    0.05   -0.21   -0.45   -0.69   -0.92   -1.13
     -1.32   -1.49   -1.64   -1.76   -1.86   -1.94   -2.00   -2.04
     -2.07   -2.08   -2.09   -2.09   -2.09   -2.08   -2.07   -2.07
     -2.06   -2.05   -2.05   -2.04   -2.04   -2.03   -2.03   -2.03
     -2.03   -2.03   -2.03   -2.03   -2.03   -2.03   -2.03   -2.03
     -2.03   -2.03   -2.03   -2.03   -2.03   -2.03   -2.03   -2.03
     -2.04   -2.04   -2.04   -2.04   -2.04   -2.04   -2.04   -2.03
     -2.03   -2.02   -2.01   -2.00   -1.98   -1.96   -1.94   -1.91
     -1.89   -1.87   -1.85   -1.86   -1.91   -2.01   -2.18   -2.45
     -2.83   -3.29   -3.79   -4.21   -4.35   -3.96   -2.73   -0.45
      2.89    6.88   10.69   13.44   14.74   14.98    4.17    4.23
      4.19    4.00    3.67    3.23    2.74    2.23    1.77    1.35
      0.98    0.66    0.37    0.10   -0.16   -0.40   -0.64   -0.87
     -1.08   -1.27   -1.44   -1.60   -1.72   -1.83   -1.91   -1.98
     -2.02   -2.06   -2.08   -2.09   -2.09   -2.09   -2.08   -2.08
     -2.07   -2.06   -2.06   -2.05   -2.04   -2.04   -2.04   -2.03
     -2.03   -2.03   -2.03   -2.03   -2.03   -2.03   -2.03   -2.03
     -2.03   -2.03   -2.03   -2.03   -2.03   -2.03   -2.03   -2.03
     -2.03   -2.04   -2.04   -2.04   -2.04   -2.04   -2.04   -2.04
     -2.03   -2.03   -2.02   -2.01   -2.00   -1.98   -1.96   -1.94
     -1.91   -1.89   -1.86   -1.85   -1.85   -1.89   -1.98   -2.14
     -2.40   -2.77   -3.24   -3.77   -4.24   -4.47   -4.19   -3.09
     -0.89    2.46    6.59   10.68   13.76   15.34   15.79    3.89
      4.01    4.03    3.91    3.64    3.25    2.79    2.31    1.85
      1.43    1.06    0.73    0.43    0.16   -0.10   -0.35   -0.59
     -0.81   -1.02   -1.22   -1.39   -1.55   -1.68   -1.79   -1.88
     -1.95   -2.00   -2.04   -2.07   -2.08   -2.09   -2.09   -2.08
     -2.08   -2.07   -2.07   -2.06   -2.05   -2.05   -2.04   -2.04
     -2.04   -2.03   -2.03   -2.03   -2.03   -2.03   -2.03   -2.03
     -2.03   -2.03   -2.03   -2.03   -2.03   -2.03   -2.03   -2.03
     -2.03   -2.04   -2.04   -2.04   -2.04   -2.04   -2.04   -2.04
     -2.04   -2.03   -2.03   -2.02   -2.01   -2.00   -1.98   -1.96
     -1.94   -1.91   -1.88   -1.86   -1.84   -1.84   -1.87   -1.95
     -2.11   -2.35   -2.72   -3.19   -3.73   -4.25   -4.57   -4.41
     -3.43   -1.34    2.00    6.28   10.65   14.06   15.94   16.61
      3.61    3.78    3.86    3.80    3.59    3.26    2.84    2.39
      1.94    1.51    1.14    0.80    0.50    0.22   -0.04   -0.29
     -0.53   -0.75   -0.97   -1.16   -1.34   -1.50   -1.64   -1.75
     -1.85   -1.92   -1.98   -2.02   -2.05   -2.07   -2.08   -2.08
     -2.08   -2.08   -2.08   -2.07   -2.06   -2.06   -2.05   -2.05
     -2.04   -2.04   -2.04   -2.04   -2.03   -2.03   -2.03   -2.03
     -2.03   -2.03   -2.03   -2.03   -2.03   -2.03   -2.03   -2.03
     -2.03   -2.04   -2.04   -2.04   -2.04   -2.04   -2.04   -2.04
     -2.04   -2.04   -2.03   -2.03   -2.02   -2.01   -2.00   -1.98
     -1.96   -1.94   -1.91   -1.88   -1.85   -1.83   -1.83   -1.86
     -1.93   -2.07   -2.31   -2.66   -3.14   -3.70   -4.26   -4.65
     -4.60   -3.77   -1.78    1.53    5.94   10.59   14.35   16.53
     17.44    3.34    3.55    3.68    3.68    3.54    3.26    2.88
      2.46    2.02    1.60    1.22    0.88    0.57    0.29    0.02
     -0.23   -0.46   -0.69   -0.90   -1.10   -1.28   -1.44   -1.59
     -1.71   -1.81   -1.89   -1.95   -2.00   -2.03   -2.06   -2.07
     -2.08   -2.08   -2.08   -2.08   -2.07   -2.07   -2.06   -2.06
     -2.05   -2.05   -2.04   -2.04   -2.04   -2.04   -2.04   -2.03
     -2.03   -2.03   -2.03   -2.03   -2.03   -2.03   -2.03   -2.04
     -2.04   -2.04   -2.04   -2.04   -2.04   -2.04   -2.04   -2.04
     -2.04   -2.04   -2.04   -2.03   -2.03   -2.02   -2.01   -2.00
     -1.98   -1.96   -1.93   -1.90   -1.87   -1.85   -1.83   -1.82
     -1.84   -1.91   -2.04   -2.27   -2.62   -3.09   -3.66   -4.26
     -4.72   -4.79   -4.08   -2.22    1.05    5.57   10.51   14.63
     17.12   18.28    3.07    3.32    3.50    3.56    3.47    3.24
      2.91    2.52    2.10    1.69    1.31    0.96    0.65    0.36
      0.09   -0.16   -0.40   -0.62   -0.84   -1.04   -1.22   -1.39
     -1.53   -1.66   -1.76   -1.85   -1.92   -1.97   -2.01   -2.04
     -2.06   -2.07   -2.08   -2.08   -2.08   -2.08   -2.07   -2.07
     -2.06   -2.06   -2.05   -2.05   -2.05   -2.04   -2.04   -2.04
     -2.04   -2.04   -2.04   -2.04   -2.04   -2.04   -2.04   -2.04
     -2.04   -2.04   -2.04   -2.04   -2.04   -2.04   -2.04   -2.04
     -2.04   -2.04   -2.04   -2.04   -2.03   -2.03   -2.02   -2.01
     -1.99   -1.97   -1.95   -1.93   -1.90   -1.87   -1.84   -1.82
     -1.81   -1.83   -1.89   -2.02   -2.24   -2.57   -3.04   -3.62
     -4.25   -4.78   -4.95   -4.39   -2.66    0.56    5.17   10.39
     14.89   17.72   19.13    2.81    3.10    3.32    3.42    3.38
      3.22    2.93    2.58    2.18    1.78    1.40    1.05    0.73
      0.44    0.17   -0.08   -0.32   -0.55   -0.76   -0.97   -1.15
     -1.32   -1.47   -1.60   -1.71   -1.81   -1.88   -1.94   -1.99
     -2.02   -2.05   -2.06   -2.07   -2.08   -2.08   -2.08   -2.07
     -2.07   -2.07   -2.06   -2.06   -2.05   -2.05   -2.05   -2.05
     -2.04   -2.04   -2.04   -2.04   -2.04   -2.04   -2.04   -2.04
     -2.04   -2.04   -2.04   -2.04   -2.04   -2.04   -2.04   -2.04
     -2.04   -2.04   -2.04   -2.04   -2.04   -2.03   -2.02   -2.01
     -2.00   -1.99   -1.97   -1.95   -1.92   -1.89   -1.86   -1.83
     -1.81   -1.80   -1.82   -1.87   -1.99   -2.20   -2.53   -2.99
     -3.58   -4.24   -4.83   -5.11   -4.68   -3.10    0.04    4.74
     10.24   15.13   18.32   19.99    2.57    2.88    3.13    3.28
      3.29    3.18    2.94    2.62    2.26    1.87    1.50    1.14
      0.82    0.52    0.25   -0.01   -0.25   -0.47   -0.69   -0.89
     -1.08   -1.25   -1.41   -1.54   -1.66   -1.76   -1.84   -1.91
     -1.96   -2.00   -2.03   -2.05   -2.06   -2.07   -2.07   -2.07
     -2.07   -2.07   -2.07   -2.06   -2.06   -2.06   -2.05   -2.05
     -2.05   -2.05   -2.05   -2.04   -2.04   -2.04   -2.04   -2.04
     -2.04   -2.04   -2.04   -2.04   -2.04   -2.04   -2.04   -2.04
     -2.04   -2.04   -2.04   -2.04   -2.04   -2.03   -2.03   -2.02
     -2.01   -2.00   -1.98   -1.96   -1.94   -1.91   -1.88   -1.85
     -1.82   -1.80   -1.79   -1.81   -1.86   -1.97   -2.18   -2.50
     -2.95   -3.54   -4.22   -4.87   -5.24   -4.96   -3.53   -0.48
      4.27   10.05   15.36   18.92   20.87    2.34    2.67    2.95
      3.13    3.19    3.12    2.94    2.66    2.32    1.96    1.59
      1.24    0.91    0.61    0.34    0.08   -0.16   -0.39   -0.61
     -0.81   -1.00   -1.18   -1.33   -1.48   -1.60   -1.70   -1.79
     -1.86   -1.92   -1.97   -2.00   -2.03   -2.05   -2.06   -2.07
     -2.07   -2.07   -2.07   -2.07   -2.07   -2.06   -2.06   -2.06
     -2.06   -2.05   -2.05   -2.05   -2.05   -2.05   -2.05   -2.05
     -2.05   -2.05   -2.05   -2.05   -2.05   -2.05   -2.05   -2.04
     -2.04   -2.04   -2.04   -2.04   -2.04   -2.04   -2.03   -2.02
     -2.02   -2.00   -1.99   -1.97   -1.95   -1.93   -1.90   -1.87
     -1.84   -1.81   -1.79   -1.78   -1.79   -1.85   -1.96   -2.16
     -2.47   -2.91   -3.50   -4.20   -4.90   -5.37   -5.22   -3.95
     -1.02    3.77    9.83   15.58   19.54   21.77    2.12    2.47
      2.77    2.98    3.08    3.06    2.92    2.69    2.38    2.04
      1.69    1.34    1.01    0.71    0.43    0.17   -0.08   -0.31
     -0.52   -0.73   -0.92   -1.10   -1.26   -1.40   -1.53   -1.64
     -1.74   -1.82   -1.88   -1.93   -1.97   -2.00   -2.03   -2.04
     -2.06   -2.06   -2.07   -2.07   -2.07   -2.07   -2.07   -2.06
     -2.06   -2.06   -2.06   -2.06   -2.05   -2.05   -2.05   -2.05
     -2.05   -2.05   -2.05   -2.05   -2.05   -2.05   -2.05   -2.05
     -2.05   -2.04   -2.04   -2.04   -2.04   -2.04   -2.03   -2.03
     -2.02   -2.01   -2.00   -1.98   -1.96   -1.94   -1.92   -1.89
     -1.86   -1.83   -1.80   -1.78   -1.77   -1.79   -1.84   -1.95
     -2.14   -2.44   -2.88   -3.47   -4.18   -4.92   -5.48   -5.47
     -4.37   -1.58    3.23    9.55   15.77   20.17   22.70    1.91
      2.27    2.59    2.83    2.97    2.99    2.89    2.70    2.43
      2.11    1.78    1.44    1.11    0.81    0.52    0.26    0.01
     -0.22   -0.44   -0.64   -0.83   -1.01   -1.18   -1.33   -1.46
     -1.57   -1.67   -1.76   -1.83   -1.89   -1.94   -1.97   -2.00
     -2.02   -2.04   -2.05   -2.06   -2.06   -2.06   -2.07   -2.07
     -2.06   -2.06   -2.06   -2.06   -2.06   -2.06   -2.06   -2.05
     -2.05   -2.05   -2.05   -2.05   -2.05   -2.05   -2.05   -2.05
     -2.05   -2.05   -2.04   -2.04   -2.04   -2.04   -2.03   -2.03
     -2.02   -2.01   -2.00   -1.99   -1.97   -1.95   -1.93   -1.91
     -1.88   -1.85   -1.82   -1.79   -1.77   -1.76   -1.78   -1.83
     -1.94   -2.12   -2.42   -2.85   -3.44   -4.16   -4.94   -5.57
     -5.71   -4.79   -2.15    2.65    9.23   15.94   20.81   23.66
      1.72    2.09    2.42    2.68    2.84    2.90    2.85    2.70
      2.47    2.18    1.86    1.54    1.21    0.91    0.62    0.36
      0.11   -0.12   -0.34   -0.55   -0.74   -0.92   -1.09   -1.24
     -1.38   -1.50   -1.61   -1.70   -1.78   -1.84   -1.89   -1.94
     -1.97   -2.00   -2.02   -2.03   -2.04   -2.05   -2.06   -2.06
     -2.06   -2.06   -2.06   -2.06   -2.06   -2.06   -2.06   -2.06
     -2.06   -2.05   -2.05   -2.05   -2.05   -2.05   -2.05   -2.05
     -2.05   -2.05   -2.04   -2.04   -2.04   -2.03   -2.03   -2.02
     -2.02   -2.01   -2.00   -1.99   -1.97   -1.96   -1.94   -1.92
     -1.89   -1.86   -1.83   -1.80   -1.78   -1.76   -1.75   -1.77
     -1.82   -1.93   -2.11   -2.41   -2.83   -3.41   -4.14   -4.95
     -5.66   -5.93   -5.19   -2.73    2.03    8.85   16.08   21.47
     24.66    1.54    1.91    2.25    2.53    2.72    2.81    2.80
      2.69    2.50    2.24    1.94    1.63    1.32    1.01    0.73
      0.46    0.21   -0.02   -0.25   -0.45   -0.65   -0.83   -1.00
     -1.15   -1.29   -1.42   -1.53   -1.63   -1.71   -1.78   -1.84
     -1.89   -1.93   -1.96   -1.99   -2.01   -2.02   -2.03   -2.04
     -2.05   -2.05   -2.06   -2.06   -2.06   -2.06   -2.06   -2.06
     -2.06   -2.05   -2.05   -2.05   -2.05   -2.05   -2.05   -2.05
     -2.05   -2.04   -2.04   -2.04   -2.04   -2.03   -2.03   -2.02
     -2.02   -2.01   -2.00   -1.99   -1.97   -1.96   -1.94   -1.92
     -1.90   -1.87   -1.84   -1.82   -1.79   -1.76   -1.75   -1.75
     -1.77   -1.82   -1.93   -2.11   -2.40   -2.82   -3.39   -4.12
     -4.95   -5.73   -6.13   -5.58   -3.32    1.36    8.41   16.18
     22.14   25.72    1.38    1.75    2.10    2.38    2.59    2.72
      2.74    2.67    2.51    2.28    2.01    1.72    1.42    1.12
      0.83    0.57    0.31    0.08   -0.14   -0.35   -0.55   -0.73
     -0.90   -1.06   -1.20   -1.33   -1.45   -1.55   -1.64   -1.72
     -1.78   -1.84   -1.88   -1.92   -1.95   -1.98   -2.00   -2.01
     -2.02   -2.03   -2.04   -2.04   -2.05   -2.05   -2.05   -2.05
     -2.05   -2.05   -2.05   -2.05   -2.05   -2.05   -2.05   -2.04
     -2.04   -2.04   -2.04   -2.03   -2.03   -2.03   -2.02   -2.02
     -2.01   -2.00   -1.99   -1.98   -1.97   -1.96   -1.94   -1.92
     -1.90   -1.88   -1.85   -1.82   -1.80   -1.77   -1.75   -1.74
     -1.74   -1.76   -1.82   -1.93   -2.12   -2.40   -2.81   -3.38
     -4.10   -4.95   -5.79   -6.31   -5.96   -3.92    0.65    7.89
     16.24   22.85   26.83    1.23    1.60    1.95    2.24    2.47
      2.62    2.67    2.63    2.51    2.32    2.08    1.80    1.51
      1.22    0.94    0.67    0.42    0.18   -0.04   -0.25   -0.44
     -0.63   -0.80   -0.96   -1.10   -1.24   -1.36   -1.46   -1.56
     -1.64   -1.71   -1.77   -1.83   -1.87   -1.91   -1.93   -1.96
     -1.98   -1.99   -2.01   -2.02   -2.02   -2.03   -2.03   -2.04
     -2.04   -2.04   -2.04   -2.04   -2.04   -2.04   -2.04   -2.04
     -2.03   -2.03   -2.03   -2.03   -2.02   -2.02   -2.01   -2.01
     -2.00   -1.99   -1.98   -1.97   -1.96   -1.95   -1.93   -1.92
     -1.90   -1.87   -1.85   -1.83   -1.80   -1.78   -1.75   -1.73
     -1.73   -1.73   -1.76   -1.83   -1.94   -2.13   -2.41   -2.81
     -3.37   -4.09   -4.95   -5.84   -6.48   -6.33   -4.53   -0.12
      7.29   16.25   23.58   28.01    1.10    1.47    1.81    2.11
      2.35    2.51    2.60    2.59    2.50    2.34    2.13    1.88
      1.60    1.32    1.05    0.78    0.53    0.29    0.07   -0.14
     -0.33   -0.52   -0.69   -0.85   -1.00   -1.13   -1.26   -1.37
     -1.47   -1.56   -1.63   -1.70   -1.76   -1.81   -1.85   -1.88
     -1.91   -1.94   -1.96   -1.97   -1.99   -2.00   -2.00   -2.01
     -2.02   -2.02   -2.02   -2.02   -2.02   -2.02   -2.02   -2.02
     -2.02   -2.02   -2.02   -2.01   -2.01   -2.01   -2.00   -1.99
     -1.99   -1.98   -1.97   -1.96   -1.95   -1.94   -1.92   -1.91
     -1.89   -1.87   -1.85   -1.82   -1.80   -1.77   -1.75   -1.73
     -1.72   -1.72   -1.73   -1.77   -1.84   -1.96   -2.14   -2.42
     -2.82   -3.37   -4.08   -4.95   -5.88   -6.63   -6.67   -5.14
     -0.92    6.60   16.19   24.33   29.28    0.99    1.35    1.69
      1.99    2.23    2.41    2.52    2.54    2.48    2.36    2.17
      1.94    1.69    1.42    1.15    0.89    0.64    0.41    0.18
     -0.02   -0.22   -0.41   -0.58   -0.74   -0.89   -1.03   -1.15
     -1.27   -1.37   -1.46   -1.54   -1.62   -1.68   -1.73   -1.78
     -1.82   -1.86   -1.88   -1.91   -1.93   -1.94   -1.96   -1.97
     -1.98   -1.98   -1.99   -1.99   -2.00   -2.00   -2.00   -2.00
     -2.00   -2.00   -2.00   -1.99   -1.99   -1.99   -1.98   -1.98
     -1.97   -1.96   -1.95   -1.94   -1.93   -1.92   -1.90   -1.89
     -1.87   -1.85   -1.83   -1.81   -1.79   -1.77   -1.75   -1.73
     -1.71   -1.71   -1.71   -1.73   -1.78   -1.85   -1.98   -2.17
     -2.45   -2.85   -3.38   -4.09   -4.95   -5.91   -6.76   -7.00
     -5.75   -1.78    5.82   16.05   25.11   30.65    0.89    1.25
      1.58    1.88    2.13    2.32    2.44    2.48    2.45    2.36
      2.20    1.99    1.76    1.51    1.25    1.00    0.75    0.52
      0.30    0.09   -0.11   -0.29   -0.46   -0.62   -0.77   -0.91
     -1.04   -1.16   -1.26   -1.36   -1.45   -1.52   -1.59   -1.65
     -1.70   -1.75   -1.79   -1.82   -1.85   -1.87   -1.89   -1.91
     -1.92   -1.93   -1.94   -1.95   -1.96   -1.96   -1.96   -1.97
     -1.97   -1.97   -1.97   -1.96   -1.96   -1.96   -1.95   -1.95
     -1.94   -1.93   -1.93   -1.92   -1.91   -1.89   -1.88   -1.87
     -1.85   -1.83   -1.81   -1.80   -1.78   -1.76   -1.74   -1.72
     -1.71   -1.70   -1.70   -1.71   -1.74   -1.79   -1.88   -2.02
     -2.21   -2.49   -2.88   -3.41   -4.10   -4.96   -5.94   -6.87
     -7.30   -6.35   -2.67    4.92   15.81   25.92   32.13    0.81
      1.16    1.49    1.78    2.03    2.23    2.36    2.43    2.42
      2.35    2.21    2.04    1.82    1.59    1.35    1.10    0.86
      0.63    0.42    0.21    0.01   -0.17   -0.34   -0.50   -0.65
     -0.79   -0.92   -1.04   -1.15   -1.25   -1.34   -1.42   -1.49
     -1.55   -1.61   -1.66   -1.70   -1.74   -1.77   -1.80   -1.82
     -1.85   -1.86   -1.88   -1.89   -1.90   -1.91   -1.91   -1.92
     -1.92   -1.92   -1.92   -1.92   -1.92   -1.92   -1.91   -1.91
     -1.90   -1.90   -1.89   -1.88   -1.87   -1.86   -1.85   -1.83
     -1.82   -1.80   -1.79   -1.77   -1.75   -1.74   -1.72   -1.71
     -1.69   -1.69   -1.69   -1.70   -1.72   -1.76   -1.82   -1.92
     -2.06   -2.27   -2.55   -2.94   -3.45   -4.13   -4.97   -5.96
     -6.96   -7.57   -6.93   -3.61    3.92   15.44   26.75   33.75
      0.76    1.10    1.42    1.71    1.95    2.15    2.29    2.37
      2.38    2.33    2.22    2.07    1.88    1.66    1.43    1.20
      0.97    0.75    0.53    0.33    0.13   -0.05   -0.22   -0.38
     -0.53   -0.67   -0.80   -0.92   -1.03   -1.13   -1.22   -1.30
     -1.38   -1.45   -1.51   -1.56   -1.61   -1.65   -1.68   -1.72
     -1.74   -1.77   -1.79   -1.81   -1.82   -1.83   -1.84   -1.85
     -1.86   -1.86   -1.86   -1.87   -1.87   -1.86   -1.86   -1.86
     -1.85   -1.85   -1.84   -1.83   -1.83   -1.82   -1.80   -1.79
     -1.78   -1.77   -1.75   -1.74   -1.72   -1.71   -1.70   -1.68
     -1.68   -1.67   -1.67   -1.68   -1.70   -1.74   -1.79   -1.87
     -1.97   -2.13   -2.34   -2.62   -3.01   -3.51   -4.17   -5.00
     -5.99   -7.04   -7.82   -7.50   -4.57    2.79   14.91   27.60
     35.53    0.73    1.07    1.37    1.65    1.88    2.08    2.22
      2.31    2.34    2.31    2.22    2.09    1.92    1.72    1.51
      1.29    1.07    0.85    0.64    0.45    0.26    0.08   -0.09
     -0.25   -0.40   -0.54   -0.67   -0.79   -0.90   -1.00   -1.09
     -1.18   -1.26   -1.33   -1.39   -1.45   -1.50   -1.54   -1.58
     -1.62   -1.65   -1.67   -1.70   -1.72   -1.74   -1.75   -1.76
     -1.77   -1.78   -1.79   -1.79   -1.79   -1.79   -1.79   -1.79
     -1.79   -1.79   -1.78   -1.77   -1.77   -1.76   -1.75   -1.74
     -1.73   -1.72   -1.71   -1.70   -1.69   -1.67   -1.67   -1.66
     -1.65   -1.65   -1.66   -1.67   -1.69   -1.72   -1.77   -1.84
     -1.93   -2.05   -2.21   -2.43   -2.72   -3.10   -3.60   -4.23
     -5.04   -6.02   -7.11   -8.03   -8.03   -5.56    1.53   14.20
     28.44   37.51    0.73    1.06    1.35    1.61    1.84    2.03
      2.17    2.26    2.29    2.28    2.21    2.10    1.95    1.77
      1.57    1.37    1.16    0.96    0.76    0.56    0.38    0.20
      0.04   -0.12   -0.26   -0.40   -0.53   -0.65   -0.76   -0.86
     -0.96   -1.04   -1.12   -1.19   -1.26   -1.32   -1.37   -1.42
     -1.46   -1.50   -1.54   -1.56   -1.59   -1.61   -1.63   -1.65
     -1.66   -1.68   -1.69   -1.69   -1.70   -1.70   -1.71   -1.71
     -1.71   -1.71   -1.70   -1.70   -1.69   -1.69   -1.68   -1.68
     -1.67   -1.66   -1.65   -1.65   -1.64   -1.63   -1.63   -1.63
     -1.63   -1.64   -1.65   -1.66   -1.69   -1.72   -1.77   -1.83
     -1.91   -2.02   -2.15   -2.33   -2.56   -2.85   -3.23   -3.71
     -4.33   -5.10   -6.06   -7.17   -8.22   -8.53   -6.56    0.14
     13.27   29.25   39.72    0.78    1.09    1.37    1.61    1.81
      1.99    2.12    2.21    2.26    2.25    2.19    2.10    1.96
      1.81    1.63    1.44    1.25    1.05    0.86    0.67    0.50
      0.33    0.17    0.02   -0.13   -0.26   -0.39   -0.50   -0.61
     -0.72   -0.81   -0.90   -0.98   -1.05   -1.12   -1.18   -1.23
     -1.28   -1.33   -1.37   -1.41   -1.44   -1.47   -1.49   -1.51
     -1.53   -1.55   -1.56   -1.58   -1.59   -1.59   -1.60   -1.60
     -1.61   -1.61   -1.61   -1.61   -1.61   -1.61   -1.60   -1.60
     -1.60   -1.59   -1.59   -1.59   -1.59   -1.59   -1.59   -1.60
     -1.61   -1.62   -1.64   -1.66   -1.69   -1.73   -1.78   -1.85
     -1.92   -2.02   -2.14   -2.29   -2.48   -2.71   -3.01   -3.38
     -3.86   -4.45   -5.20   -6.12   -7.23   -8.38   -8.99   -7.55
     -1.37   12.07   29.99   42.23    0.88    1.17    1.42    1.63
      1.81    1.97    2.09    2.18    2.22    2.22    2.17    2.09
      1.97    1.83    1.67    1.50    1.32    1.14    0.96    0.78
      0.61    0.45    0.30    0.15    0.01   -0.12   -0.24   -0.36
     -0.46   -0.56   -0.66   -0.74   -0.82   -0.90   -0.96   -1.03
     -1.08   -1.13   -1.18   -1.22   -1.26   -1.30   -1.33   -1.35
     -1.38   -1.40   -1.42   -1.44   -1.45   -1.46   -1.47   -1.48
     -1.49   -1.49   -1.50   -1.50   -1.51   -1.51   -1.51   -1.52
     -1.52   -1.52   -1.53   -1.54   -1.54   -1.55   -1.56   -1.58
     -1.60   -1.62   -1.65   -1.68   -1.72   -1.77   -1.82   -1.89
     -1.97   -2.06   -2.18   -2.31   -2.48   -2.68   -2.92   -3.22
     -3.58   -4.04   -4.61   -5.32   -6.21   -7.30   -8.51   -9.40
     -8.53   -3.00   10.57   30.59   45.10    1.07    1.32    1.51
      1.68    1.83    1.96    2.07    2.15    2.19    2.19    2.15
      2.07    1.97    1.84    1.70    1.54    1.38    1.21    1.05
      0.88    0.72    0.57    0.42    0.28    0.15    0.03   -0.09
     -0.20   -0.31   -0.40   -0.50   -0.58   -0.66   -0.73   -0.80
     -0.86   -0.92   -0.97   -1.02   -1.06   -1.10   -1.14   -1.17
     -1.20   -1.23   -1.25   -1.27   -1.29   -1.31   -1.33   -1.34
     -1.36   -1.37   -1.38   -1.39   -1.40   -1.41   -1.42   -1.44
     -1.45   -1.46   -1.48   -1.49   -1.51   -1.53   -1.55   -1.58
     -1.61   -1.64   -1.68   -1.73   -1.78   -1.84   -1.90   -1.98
     -2.06   -2.16   -2.27   -2.40   -2.55   -2.72   -2.93   -3.18
     -3.48   -3.84   -4.28   -4.83   -5.50   -6.34   -7.39   -8.63
     -9.76   -9.48   -4.75    8.71   30.94   48.44    1.37    1.54
      1.65    1.75    1.86    1.97    2.06    2.12    2.16    2.15
      2.12    2.05    1.96    1.85    1.72    1.58    1.43    1.28
      1.12    0.97    0.83    0.68    0.55    0.41    0.29    0.17
      0.06   -0.05   -0.15   -0.24   -0.33   -0.41   -0.49   -0.56
     -0.63   -0.69   -0.75   -0.80   -0.85   -0.89   -0.94   -0.98
     -1.01   -1.04   -1.08   -1.10   -1.13   -1.16   -1.18   -1.20
     -1.23   -1.25   -1.27   -1.29   -1.31   -1.33   -1.35   -1.38
     -1.40   -1.43   -1.45   -1.48   -1.52   -1.55   -1.59   -1.63
     -1.67   -1.72   -1.77   -1.83   -1.90   -1.97   -2.04   -2.13
     -2.22   -2.32   -2.43   -2.56   -2.70   -2.87   -3.05   -3.27
     -3.52   -3.81   -4.16   -4.59   -5.10   -5.74   -6.52   -7.52
     -8.76  -10.07  -10.37   -6.59    6.45   30.90   52.36    1.84
      1.86    1.84    1.86    1.91    1.98    2.05    2.10    2.12
      2.11    2.07    2.01    1.93    1.83    1.71    1.59    1.46
      1.32    1.18    1.05    0.91    0.78    0.66    0.54    0.42
      0.31    0.20    0.10    0.01   -0.08   -0.17   -0.25   -0.32
     -0.39   -0.46   -0.52   -0.58   -0.64   -0.69   -0.74   -0.79
     -0.83   -0.87   -0.91   -0.95   -0.99   -1.02   -1.06   -1.09
     -1.13   -1.16   -1.20   -1.23   -1.27   -1.30   -1.34   -1.38
     -1.42   -1.46   -1.51   -1.55   -1.60   -1.65   -1.71   -1.76
     -1.83   -1.89   -1.96   -2.03   -2.11   -2.19   -2.28   -2.38
     -2.48   -2.59   -2.70   -2.83   -2.97   -3.12   -3.29   -3.48
     -3.70   -3.95   -4.23   -4.57   -4.97   -5.46   -6.05   -6.78
     -7.70   -8.90  -10.33  -11.19   -8.50    3.74   30.28   56.98
      2.54    2.31    2.09    1.97    1.95    1.97    2.01    2.04
      2.05    2.03    1.99    1.94    1.86    1.77    1.67    1.56
      1.44    1.32    1.20    1.08    0.96    0.84    0.73    0.62
      0.51    0.41    0.31    0.21    0.12    0.03   -0.05   -0.13
     -0.20   -0.28   -0.35   -0.41   -0.48   -0.54   -0.60   -0.66
     -0.71   -0.77   -0.82   -0.87   -0.93   -0.98   -1.03   -1.08
     -1.13   -1.18   -1.24   -1.29   -1.34   -1.40   -1.46   -1.52
     -1.58   -1.64   -1.70   -1.77   -1.84   -1.91   -1.98   -2.05
     -2.13   -2.21   -2.30   -2.39   -2.48   -2.57   -2.67   -2.77
     -2.88   -3.00   -3.12   -3.24   -3.38   -3.53   -3.68   -3.85
     -4.04   -4.26   -4.50   -4.77   -5.09   -5.46   -5.91   -6.45
     -7.12   -7.96   -9.09  -10.58  -11.93  -10.44    0.55   28.81
     62.40    3.58    2.92    2.38    2.08    1.95    1.91    1.90
      1.90    1.88    1.85    1.80    1.74    1.67    1.58    1.49
      1.40    1.30    1.19    1.09    0.98    0.88    0.77    0.67
      0.56    0.46    0.37    0.27    0.18    0.09   -0.00   -0.09
     -0.17   -0.25   -0.33   -0.41   -0.49   -0.57   -0.64   -0.71
     -0.79   -0.86   -0.93   -1.00   -1.08   -1.15   -1.22   -1.29
     -1.37   -1.44   -1.52   -1.59   -1.67   -1.75   -1.82   -1.90
     -1.98   -2.07   -2.15   -2.23   -2.32   -2.41   -2.50   -2.59
     -2.68   -2.78   -2.87   -2.97   -3.07   -3.17   -3.28   -3.39
     -3.50   -3.61   -3.73   -3.86   -3.99   -4.12   -4.27   -4.42
     -4.59   -4.77   -4.97   -5.19   -5.45   -5.74   -6.08   -6.49
     -6.97   -7.57   -8.34   -9.37  -10.83  -12.58  -12.38   -3.13
     26.22   68.66    5.12    3.71    2.69    2.11    1.83    1.69
      1.60    1.52    1.45    1.36    1.28    1.19    1.11    1.02
      0.93    0.84    0.75    0.65    0.56    0.47    0.37    0.28
      0.18    0.09   -0.01   -0.10   -0.20   -0.29   -0.39   -0.48
     -0.57   -0.67   -0.76   -0.85   -0.94   -1.03   -1.13   -1.22
     -1.31   -1.40   -1.50   -1.59   -1.68   -1.77   -1.87   -1.96
     -2.05   -2.15   -2.24   -2.34   -2.43   -2.53   -2.62   -2.72
     -2.81   -2.91   -3.00   -3.10   -3.20   -3.29   -3.39   -3.49
     -3.59   -3.69   -3.78   -3.88   -3.99   -4.09   -4.19   -4.29
     -4.40   -4.51   -4.62   -4.73   -4.85   -4.97   -5.09   -5.22
     -5.37   -5.52   -5.68   -5.86   -6.06   -6.29   -6.55   -6.85
     -7.21   -7.64   -8.18   -8.86   -9.78  -11.16  -13.17  -14.26
     -7.33   22.19   75.62    7.37    4.71    2.95    1.97    1.42
      1.07    0.79    0.54    0.31    0.10   -0.08   -0.24   -0.38
     -0.51   -0.62   -0.72   -0.82   -0.91   -0.99   -1.08   -1.16
     -1.24   -1.32   -1.41   -1.49   -1.58   -1.67   -1.76   -1.85
     -1.94   -2.03   -2.13   -2.22   -2.32   -2.42   -2.51   -2.61
     -2.71   -2.81   -2.91   -3.01   -3.11   -3.21   -3.30   -3.40
     -3.50   -3.60   -3.69   -3.79   -3.88   -3.98   -4.07   -4.16
     -4.26   -4.35   -4.44   -4.53   -4.61   -4.70   -4.79   -4.88
     -4.96   -5.05   -5.13   -5.22   -5.30   -5.39   -5.47   -5.56
     -5.65   -5.73   -5.82   -5.92   -6.01   -6.11   -6.21   -6.31
     -6.42   -6.54   -6.67   -6.81   -6.96   -7.13   -7.33   -7.55
     -7.81   -8.12   -8.50   -8.97   -9.58  -10.40  -11.66  -13.76
    -16.06  -12.02   16.35   82.89   10.74    5.92    2.97    1.29
      0.21   -0.63   -1.34   -1.96   -2.49   -2.93   -3.30   -3.60
     -3.85   -4.04   -4.20   -4.33   -4.43   -4.51   -4.57   -4.63
     -4.68   -4.73   -4.78   -4.82   -4.86   -4.91   -4.96   -5.01
     -5.06   -5.11   -5.17   -5.23   -5.28   -5.34   -5.41   -5.47
     -5.53   -5.59   -5.66   -5.72   -5.78   -5.85   -5.91   -5.97
     -6.03   -6.09   -6.15   -6.21   -6.26   -6.32   -6.37   -6.43
     -6.48   -6.53   -6.58   -6.63   -6.68   -6.73   -6.77   -6.82
     -6.87   -6.92   -6.97   -7.01   -7.06   -7.11   -7.16   -7.21
     -7.27   -7.32   -7.38   -7.43   -7.49   -7.56   -7.63   -7.70
     -7.78   -7.86   -7.95   -8.05   -8.16   -8.29   -8.43   -8.60
     -8.79   -9.01   -9.28   -9.62  -10.04  -10.59  -11.35  -12.49
    -14.54  -17.81  -17.23    8.30   89.58   15.93    7.14    2.03
     -1.20   -3.52   -5.31   -6.73   -7.87   -8.77   -9.48  -10.03
    -10.45  -10.76  -10.99  -11.14  -11.23  -11.27  -11.28  -11.27
    -11.23  -11.18  -11.11  -11.04  -10.97  -10.90  -10.82  -10.74
    -10.67  -10.60  -10.53  -10.46  -10.40  -10.34  -10.28  -10.22
    -10.16  -10.11  -10.05  -10.00   -9.95   -9.90   -9.86   -9.81
     -9.77   -9.72   -9.68   -9.64   -9.59   -9.55   -9.52   -9.48
     -9.44   -9.41   -9.38   -9.34   -9.32   -9.29   -9.27   -9.24
     -9.22   -9.21   -9.19   -9.18   -9.18   -9.17   -9.17   -9.17
     -9.18   -9.19   -9.21   -9.23   -9.25   -9.28   -9.31   -9.35
     -9.40   -9.46   -9.52   -9.59   -9.67   -9.77   -9.88  -10.00
    -10.15  -10.33  -10.54  -10.81  -11.13  -11.55  -12.09  -12.85
    -13.96  -15.89  -19.71  -23.10   -2.54   93.80   24.33    6.48
     -4.99  -11.45  -15.24  -17.68  -19.36  -20.53  -21.34  -21.89
    -22.23  -22.42  -22.48  -22.45  -22.34  -22.17  -21.95  -21.70
    -21.42  -21.12  -20.80  -20.48  -20.15  -19.81  -19.48  -19.14
    -18.81  -18.48  -18.16  -17.84  -17.52  -17.21  -16.91  -16.61
    -16.32  -16.04  -15.76  -15.49  -15.23  -14.98  -14.73  -14.49
    -14.26  -14.04  -13.82  -13.61  -13.41  -13.22  -13.04  -12.86
    -12.70  -12.54  -12.39  -12.25  -12.11  -11.99  -11.87  -11.77
    -11.67  -11.58  -11.50  -11.42  -11.36  -11.30  -11.25  -11.21
    -11.18  -11.16  -11.14  -11.13  -11.13  -11.14  -11.16  -11.19
    -11.22  -11.27  -11.33  -11.40  -11.48  -11.57  -11.69  -11.82
    -11.98  -12.16  -12.39  -12.66  -12.99  -13.40  -13.92  -14.59
    -15.52  -16.79  -18.85  -22.65  -30.30  -17.43   91.35   36.96
    -28.94  -41.57  -44.53  -45.10  -44.82  -44.16  -43.33  -42.41
    -41.47  -40.51  -39.57  -38.64  -37.73  -36.83  -35.96  -35.10
    -34.25  -33.41  -32.59  -31.78  -30.98  -30.19  -29.41  -28.64
    -27.88  -27.13  -26.40  -25.69  -24.99  -24.30  -23.64  -22.99
    -22.36  -21.75  -21.16  -20.59  -20.05  -19.52  -19.02  -18.54
    -18.08  -17.64  -17.22  -16.83  -16.45  -16.10  -15.77  -15.46
    -15.17  -14.90  -14.65  -14.42  -14.21  -14.02  -13.84  -13.68
    -13.54  -13.41  -13.30  -13.21  -13.13  -13.06  -13.01  -12.97
    -12.95  -12.94  -12.94  -12.96  -12.98  -13.02  -13.07  -13.14
    -13.22  -13.31  -13.42  -13.55  -13.69  -13.86  -14.05  -14.28
    -14.54  -14.84  -15.20  -15.63  -16.15  -16.78  -17.55  -18.52
    -19.72  -21.32  -23.32  -26.48  -30.35  -41.95  -40.85   71.46
   -192.00 -155.04 -126.39 -107.02  -93.45  -83.49  -75.90  -69.95
    -65.15  -61.21  -57.89  -55.06  -52.58  -50.37  -48.38  -46.54
    -44.83  -43.21  -41.66  -40.18  -38.75  -37.36  -36.00  -34.69
    -33.41  -32.16  -30.96  -29.79  -28.66  -27.57  -26.53  -25.52
    -24.57  -23.66  -22.79  -21.97  -21.20  -20.48  -19.80  -19.16
    -18.58  -18.03  -17.53  -17.06  -16.64  -16.26  -15.91  -15.60
    -15.32  -15.07  -14.86  -14.67  -14.52  -14.39  -14.28  -14.21
    -14.15  -14.11  -14.10  -14.11  -14.13  -14.17  -14.23  -14.31
    -14.40  -14.51  -14.63  -14.77  -14.92  -15.09  -15.28  -15.48
    -15.71  -15.96  -16.23  -16.53  -16.87  -17.26  -17.70  -18.20
    -18.79  -19.48  -20.30  -21.27  -22.44  -23.86  -25.58  -27.69
    -30.29  -33.54  -37.65  -43.06  -50.36  -61.43  -79.20 -120.54
   -192.00
