           1   0.00000000       0.00000000    
           2   1.04166670E-02   1.04166670E-02
           3   2.08333321E-02   2.08333321E-02
           4   3.12500000E-02   3.12500000E-02
           5   4.16666679E-02   4.16666679E-02
           6   5.20833321E-02   5.20833321E-02
           7   6.25000075E-02   6.25000075E-02
           8   7.29166716E-02   7.29166716E-02
           9   8.33333358E-02   8.33333358E-02
          10   9.37500075E-02   9.37500075E-02
          11  0.104166672      0.104166672    
          12  0.114583336      0.114583336    
          13  0.125000000      0.125000000    
          14  0.135416672      0.135416672    
          15  0.145833328      0.145833328    
          16  0.156250000      0.156250000    
          17  0.166666672      0.166666672    
          18  0.177083328      0.177083328    
          19  0.187500000      0.187500000    
          20  0.197916672      0.197916672    
          21  0.208333328      0.208333328    
          22  0.218750000      0.218750000    
          23  0.229166672      0.229166672    
          24  0.239583328      0.239583328    
          25  0.250000030      0.250000030    
          26  0.260416687      0.260416687    
          27  0.270833343      0.270833343    
          28  0.281250030      0.281250030    
          29  0.291666687      0.291666687    
          30  0.302083343      0.302083343    
          31  0.312500030      0.312500030    
          32  0.322916687      0.322916687    
          33  0.333333343      0.333333343    
          34  0.343750030      0.343750030    
          35  0.354166687      0.354166687    
          36  0.364583343      0.364583343    
          37  0.375000030      0.375000030    
          38  0.385416687      0.385416687    
          39  0.395833343      0.395833343    
          40  0.406250030      0.406250030    
          41  0.416666687      0.416666687    
          42  0.427083343      0.427083343    
          43  0.437500030      0.437500030    
          44  0.447916687      0.447916687    
          45  0.458333343      0.458333343    
          46  0.468750030      0.468750030    
          47  0.479166687      0.479166687    
          48  0.489583343      0.489583343    
          49  0.500000000      0.500000000    
          50  0.510416687      0.510416687    
          51  0.520833313      0.520833313    
          52  0.531250000      0.531250000    
          53  0.541666687      0.541666687    
          54  0.552083313      0.552083313    
          55  0.562500000      0.562500000    
          56  0.572916687      0.572916687    
          57  0.583333313      0.583333313    
          58  0.593750000      0.593750000    
          59  0.604166687      0.604166687    
          60  0.614583313      0.614583313    
          61  0.625000000      0.625000000    
          62  0.635416687      0.635416687    
          63  0.645833313      0.645833313    
          64  0.656250000      0.656250000    
          65  0.666666687      0.666666687    
          66  0.677083313      0.677083313    
          67  0.687500000      0.687500000    
          68  0.697916687      0.697916687    
          69  0.708333313      0.708333313    
          70  0.718750000      0.718750000    
          71  0.729166687      0.729166687    
          72  0.739583313      0.739583313    
          73  0.750000000      0.750000000    
          74  0.760416687      0.760416687    
          75  0.770833313      0.770833313    
          76  0.781250000      0.781250000    
          77  0.791666687      0.791666687    
          78  0.802083313      0.802083313    
          79  0.812500000      0.812500000    
          80  0.822916687      0.822916687    
          81  0.833333313      0.833333313    
          82  0.843750000      0.843750000    
          83  0.854166687      0.854166687    
          84  0.864583313      0.864583313    
          85  0.875000000      0.875000000    
          86  0.885416687      0.885416687    
          87  0.895833313      0.895833313    
          88  0.906250000      0.906250000    
          89  0.916666687      0.916666687    
          90  0.927083313      0.927083313    
          91  0.937500000      0.937500000    
          92  0.947916687      0.947916687    
          93  0.958333313      0.958333313    
          94  0.968750000      0.968750000    
          95  0.979166687      0.979166687    
          96  0.989583313      0.989583313    
          97   1.00000012       1.00000012    
