                0.00000000                  0.00812500                  1.01158282
                0.00000000                  0.01625000                  0.99151184
                0.00000000                  0.02437500                  0.97183711
                0.00000000                  0.03250000                  0.95253513
                0.00000000                  0.04062500                  0.93359989
                0.00000000                  0.04875000                  0.91502015
                0.00000000                  0.05687500                  0.89677175
                0.00000000                  0.06500000                  0.87882192
                0.00000000                  0.07312500                  0.86130840
                0.00000000                  0.08125000                  0.84396636
                0.00000000                  0.08937500                  0.82720436
                0.00000000                  0.09750000                  0.81045544
                0.00000000                  0.10562500                  0.79443774
                0.00000000                  0.11375000                  0.77826337
                0.00000000                  0.12187500                  0.76297201
                0.00000000                  0.13000000                  0.74734956
                0.00000000                  0.13812500                  0.73276302
                0.00000000                  0.14625000                  0.71766705
                0.00000000                  0.15437500                  0.70376370
                0.00000000                  0.16250000                  0.68916697
                0.00000000                  0.17062500                  0.67592667
                0.00000000                  0.17875000                  0.66180074
                0.00000000                  0.18687500                  0.64920550
                0.00000000                  0.19500000                  0.63552108
                0.00000000                  0.20312500                  0.62355541
                0.00000000                  0.21125000                  0.61028243
                0.00000000                  0.21937500                  0.59893346
                0.00000000                  0.22750000                  0.58604106
                0.00000000                  0.23562500                  0.57529865
                0.00000000                  0.24375000                  0.56275515
                0.00000000                  0.25187500                  0.55261194
                0.00000000                  0.26000000                  0.54038462
                0.00000000                  0.26812500                  0.53083614
                0.00000000                  0.27625000                  0.51889107
                0.00000000                  0.28437500                  0.50993585
                0.00000000                  0.29250000                  0.49823768
                0.00000000                  0.30062500                  0.48987740
                0.00000000                  0.30875000                  0.47838908
                0.00000000                  0.31687500                  0.47062874
                0.00000000                  0.32500000                  0.45931122
                0.00000000                  0.33312500                  0.45215940
                0.00000000                  0.34125000                  0.44097129
                0.00000000                  0.34937500                  0.43444042
                0.00000000                  0.35750000                  0.42333763
                0.00000000                  0.36562500                  0.41744431
                0.00000000                  0.37375000                  0.40637959
                0.00000000                  0.38187500                  0.40114498
                0.00000000                  0.39000000                  0.39006751
                0.00000000                  0.39812500                  0.38551775
                0.00000000                  0.40625000                  0.37437257
                0.00000000                  0.41437500                  0.37053931
                0.00000000                  0.42250000                  0.35926672
                0.00000000                  0.43062500                  0.35618769
                0.00000000                  0.43875000                  0.34472263
                0.00000000                  0.44687500                  0.34244227
                0.00000000                  0.45500000                  0.33071356
                0.00000000                  0.46312500                  0.32928379
                0.00000000                  0.47125000                  0.31721328
                0.00000000                  0.47937500                  0.31669432
                0.00000000                  0.48750000                  0.30419600
                0.00000000                  0.49562500                  0.30465731
                0.00000000                  0.50375000                  0.29163626
                0.00000000                  0.51187500                  0.29315762
                0.00000000                  0.52000000                  0.27950881
                0.00000000                  0.52812500                  0.28218154
                0.00000000                  0.53625000                  0.26778855
                0.00000000                  0.54437500                  0.27171681
                0.00000000                  0.55250000                  0.25645036
                0.00000000                  0.56062500                  0.26175273
                0.00000000                  0.56875000                  0.24546902
                0.00000000                  0.57687500                  0.25228020
                0.00000000                  0.58500000                  0.23481906
                0.00000000                  0.59312500                  0.24329181
                0.00000000                  0.60125000                  0.22447461
                0.00000000                  0.60937500                  0.23478190
                0.00000000                  0.61750000                  0.21440925
                0.00000000                  0.62562500                  0.22674674
                0.00000000                  0.63375000                  0.20459583
                0.00000000                  0.64187500                  0.21918460
                0.00000000                  0.65000000                  0.19500631
                0.00000000                  0.65812500                  0.21209595
                0.00000000                  0.66625000                  0.18561148
                0.00000000                  0.67437500                  0.20548361
                0.00000000                  0.68250000                  0.17638081
                0.00000000                  0.69062500                  0.19935292
                0.00000000                  0.69875000                  0.16728214
                0.00000000                  0.70687500                  0.19371205
                0.00000000                  0.71500000                  0.15828140
                0.00000000                  0.72312500                  0.18857218
                0.00000000                  0.73125000                  0.14934232
                0.00000000                  0.73937500                  0.18394783
                0.00000000                  0.74750000                  0.14042605
                0.00000000                  0.75562500                  0.17985719
                0.00000000                  0.76375000                  0.13149077
                0.00000000                  0.77187500                  0.17632252
                0.00000000                  0.78000000                  0.12249128
                0.00000000                  0.78812500                  0.17337054
                0.00000000                  0.79625000                  0.11337847
                0.00000000                  0.80437500                  0.17103295
                0.00000000                  0.81250000                  0.10409877
                0.00000000                  0.82062500                  0.16934696
                0.00000000                  0.82875000                  0.09459359
                0.00000000                  0.83687500                  0.16835590
                0.00000000                  0.84500000                  0.08479856
                0.00000000                  0.85312500                  0.16810996
                0.00000000                  0.86125000                  0.07464283
                0.00000000                  0.86937500                  0.16866693
                0.00000000                  0.87750000                  0.06404816
                0.00000000                  0.88562500                  0.17009310
                0.00000000                  0.89375000                  0.05292796
                0.00000000                  0.90187500                  0.17246427
                0.00000000                  0.91000000                  0.04118623
                0.00000000                  0.91812500                  0.17586686
                0.00000000                  0.92625000                  0.02871630
                0.00000000                  0.93437500                  0.18039918
                0.00000000                  0.94250000                  0.01539954
                0.00000000                  0.95062500                  0.18617285
                0.00000000                  0.95875000                  0.00110374
                0.00000000                  0.96687500                  0.19331439
                0.00000000                  0.97500000                  0.01431855
                0.00000000                  0.98312500                  0.20196706
                0.00000000                  0.99125000                  0.03103197
                0.00000000                  0.99937500                  0.21229282
                0.00000000                  1.00750000                  0.04922049
                0.00000000                  1.01562500                  0.22447465
                0.00000000                  1.02375000                  0.06908989
                0.00000000                  1.03187500                  0.23871910
                0.00000000                  1.04000000                  0.09087046
                0.00000000                  1.04812500                  0.25525916
                0.00000000                  1.05625000                  0.11482006
                0.00000000                  1.06437500                  0.27435752
                0.00000000                  1.07250000                  0.14122759
                0.00000000                  1.08062500                  0.29631014
                0.00000000                  1.08875000                  0.17041684
                0.00000000                  1.09687500                  0.32145041
                0.00000000                  1.10500000                  0.20275085
                0.00000000                  1.11312500                  0.35015370
                0.00000000                  1.12125000                  0.23863678
                0.00000000                  1.12937500                  0.38284253
                0.00000000                  1.13750000                  0.27853142
                0.00000000                  1.14562500                  0.41999237
                0.00000000                  1.15375000                  0.32294731
                0.00000000                  1.16187500                  0.46213816
                0.00000000                  1.17000000                  0.37245972
                0.00000000                  1.17812500                  0.50988163
                0.00000000                  1.18625000                  0.42771437
                0.00000000                  1.19437500                  0.56389955
                0.00000000                  1.20250000                  0.48943621
                0.00000000                  1.21062500                  0.62495295
                0.00000000                  1.21875000                  0.55843924
                0.00000000                  1.22687500                  0.69389755
                0.00000000                  1.23500000                  0.63563750
                0.00000000                  1.24312500                  0.77169540
                0.00000000                  1.25125000                  0.72205752
                0.00000000                  1.25937500                  0.85942806
                0.00000000                  1.26750000                  0.81885218
                0.00000000                  1.27562500                  0.95831131
                0.00000000                  1.28375000                  0.92731643
                0.00000000                  1.29187500                  1.06971173
                0.00000000                  1.30000000                  1.04890482
                0.00000000                  1.30812500                  1.19516536
                0.00000000                  1.31625000                  1.18525128
                0.00000000                  1.32437500                  1.33639857
                0.00000000                  1.33250000                  1.33819127
                0.00000000                  1.34062500                  1.49535165
                0.00000000                  1.34875000                  1.50978679
                0.00000000                  1.35687500                  1.67420515
                0.00000000                  1.36500000                  1.70235434
                0.00000000                  1.37312500                  1.87540967
                0.00000000                  1.38125000                  1.91849643
                0.00000000                  1.38937500                  2.10171914
                0.00000000                  1.39750000                  2.16113695
                0.00000000                  1.40562500                  2.35622836
                0.00000000                  1.41375000                  2.43356092
                0.00000000                  1.42187500                  2.64241513
                0.00000000                  1.43000000                  2.73945916
                0.00000000                  1.43812500                  2.96418755
                0.00000000                  1.44625000                  3.08297846
                0.00000000                  1.45437500                  3.32593723
                0.00000000                  1.46250000                  3.46877798
                0.00000000                  1.47062500                  3.73259909
                0.00000000                  1.47875000                  3.90209261
                0.00000000                  1.48687500                  4.18971844
                0.00000000                  1.49500000                  4.38880415
                0.00000000                  1.50312500                  4.70352652
                0.00000000                  1.51125000                  4.93552132
                0.00000000                  1.51937500                  5.28102521
                0.00000000                  1.52750000                  5.54966962
                0.00000000                  1.53562500                  5.93008238
                0.00000000                  1.54375000                  6.23959237
                0.00000000                  1.55187500                  6.65953890
                0.00000000                  1.56000000                  7.01466413
                0.00000000                  1.56812500                  7.47932890
                0.00000000                  1.57625000                  7.88541827
                0.00000000                  1.58437500                  8.40061500
                0.00000000                  1.59250000                  8.86369020
                0.00000000                  1.60062500                  9.43594013
                0.00000000                  1.60875000                  9.96277841
                0.00000000                  1.61687500                 10.59939819
                0.00000000                  1.62500000                 11.19762531
                0.00000000                  1.63312500                 11.90682578
                0.00000000                  1.64125000                 12.58502053
                0.00000000                  1.64937500                 13.37601771
                0.00000000                  1.65750000                 14.14382928
                0.00000000                  1.66562500                 15.02696901
                0.00000000                  1.67375000                 15.89524899
                0.00000000                  1.68187500                 16.88214701
                0.00000000                  1.69000000                 17.86309766
                0.00000000                  1.69812500                 18.96679698
                0.00000000                  1.70625000                 20.07413787
                0.00000000                  1.71437500                 21.30928558
                0.00000000                  1.72250000                 22.55844082
                0.00000000                  1.73062500                 23.94148673
                0.00000000                  1.73875000                 25.34979540
                0.00000000                  1.74687500                 26.89921528
                0.00000000                  1.75500000                 28.48616787
                0.00000000                  1.76312500                 30.22271422
                0.00000000                  1.77125000                 32.01021831
                0.00000000                  1.77937500                 33.95720211
                0.00000000                  1.78750000                 35.96988094
                0.00000000                  1.79562500                 38.15348831
                0.00000000                  1.80375000                 40.41901620
                0.00000000                  1.81187500                 42.86866413
                0.00000000                  1.82000000                 45.41814347
                0.00000000                  1.82812500                 48.16687950
                0.00000000                  1.83625000                 51.03526434
                0.00000000                  1.84437500                 54.12021571
                0.00000000                  1.85250000                 57.34678767
                0.00000000                  1.86062500                 60.80966595
                0.00000000                  1.86875000                 64.43856903
                0.00000000                  1.87687500                 68.32623715
                0.00000000                  1.88500000                 72.40707869
                0.00000000                  1.89312500                 76.77218804
                0.00000000                  1.90125000                 81.36071393
                0.00000000                  1.90937500                 86.26242023
                0.00000000                  1.91750000                 91.42127368
                0.00000000                  1.92562500                 96.92604137
                0.00000000                  1.93375000                102.72561541
                0.00000000                  1.94187500                108.90812145
                0.00000000                  1.95000000                115.42751693
                0.00000000                  1.95812500                122.37166637
                0.00000000                  1.96625000                129.69976834
                0.00000000                  1.97437500                137.49983539
                0.00000000                  1.98250000                145.73652262
                0.00000000                  1.99062500                154.49843285
                0.00000000                  1.99875000                163.75593682
                0.00000000                  2.00687500                173.59870784
                0.00000000                  2.01500000                184.00313988
                0.00000000                  2.02312500                195.06050014
                0.00000000                  2.03125000                206.75356725
                0.00000000                  2.03937500                219.17577497
                0.00000000                  2.04750000                232.31670786
                0.00000000                  2.05562500                246.27259486
                0.00000000                  2.06375000                261.04031437
                0.00000000                  2.07187500                276.71958256
                0.00000000                  2.08000000                293.31513390
                0.00000000                  2.08812500                310.93093570
                0.00000000                  2.09625000                329.58022368
                0.00000000                  2.10437500                349.37206147
                0.00000000                  2.11250000                370.32892387
                0.00000000                  2.12062500                392.56590790
                0.00000000                  2.12875000                416.11556889
                0.00000000                  2.13687500                441.10007797
                0.00000000                  2.14500000                467.56302843
                0.00000000                  2.15312500                495.63482325
                0.00000000                  2.16125000                525.37118086
                0.00000000                  2.16937500                556.91202581
                0.00000000                  2.17750000                590.32643426
                0.00000000                  2.18562500                625.76529066
                0.00000000                  2.19375000                663.31242447
                0.00000000                  2.20187500                703.13128595
                0.00000000                  2.21000000                745.32203599
                0.00000000                  2.21812500                790.06248517
                0.00000000                  2.22625000                837.47090889
                0.00000000                  2.23437500                887.74148487
                0.00000000                  2.24250000                941.01261582
                0.00000000                  2.25062500                997.49709240
                0.00000000                  2.25875000               1057.35571530
                0.00000000                  2.26687500               1120.82240276
                0.00000000                  2.27500000               1188.08291349
                0.00000000                  2.28312500               1259.39511039
                0.00000000                  2.29125000               1334.97259499
                0.00000000                  2.29937500               1415.10033217
                0.00000000                  2.30750000               1500.02301564
                0.00000000                  2.31562500               1590.05625215
                0.00000000                  2.32375000               1685.47948638
                0.00000000                  2.33187500               1786.64293694
                0.00000000                  2.34000000               1893.86491797
                0.00000000                  2.34812500               2007.53471363
                0.00000000                  2.35625000               2128.01414222
                0.00000000                  2.36437500               2255.73655083
                0.00000000                  2.37250000               2391.11247640
                0.00000000                  2.38062500               2534.62493761
                0.00000000                  2.38875000               2686.73905570
                0.00000000                  2.39687500               2847.99381662
                0.00000000                  2.40500000               3018.91552303
                0.00000000                  2.41312500               3200.10619610
                0.00000000                  2.42125000               3392.16073866
                0.00000000                  2.42937500               3595.75214300
                0.00000000                  2.43750000               3811.55225384
                0.00000000                  2.44562500               4040.31394607
                0.00000000                  2.45375000               4282.79538483
                0.00000000                  2.46187500               4539.83933543
                0.00000000                  2.47000000               4812.30082685
                0.00000000                  2.47812500               5101.12375469
                0.00000000                  2.48625000               5407.27186383
                0.00000000                  2.49437500               5731.80280477
                0.00000000                  2.50250000               6075.80236053
                0.00000000                  2.51062500               6440.45611710
                0.00000000                  2.51875000               6826.98686974
                0.00000000                  2.52687500               7236.72406916
                0.00000000                  2.53500000               7671.04435279
                0.00000000                  2.54312500               8131.43893028
                0.00000000                  2.55125000               8619.45719623
                0.00000000                  2.55937500               9136.77222158
                0.00000000                  2.56750000               9685.12741588
                0.00000000                  2.57562500              10266.40029494
                0.00000000                  2.58375000              10882.55217325
                0.00000000                  2.59187500              11535.69038331
                0.00000000                  2.60000000              12228.02099200
                0.00000000                  2.60812500              12961.90965344
                0.00000000                  2.61625000              13739.83735733
                0.00000000                  2.62437500              14564.46010493
                0.00000000                  2.63250000              15438.56771290
                0.00000000                  2.64062500              16365.14251111
                0.00000000                  2.64875000              17347.32124253
                0.00000000                  2.65687500              18388.45299239
                0.00000000                  2.66500000              19492.06424292
                0.00000000                  2.67312500              20661.91625649
                0.00000000                  2.68125000              21901.97336390
                0.00000000                  2.68937500              23216.46003903
                0.00000000                  2.69750000              24609.83252162
                0.00000000                  2.70562500              26086.83583818
                0.00000000                  2.71375000              27652.47888440
                0.00000000                  2.72187500              29312.09166705
                0.00000000                  2.73000000              31071.30399808
                0.00000000                  2.73812500              32936.10325495
                0.00000000                  2.74625000              34912.81686823
                0.00000000                  2.75437500              37008.17092395
                0.00000000                  2.76250000              39229.27665932
                0.00000000                  2.77062500              41583.69026052
                0.00000000                  2.77875000              44079.40361779
                0.00000000                  2.78687500              46724.90570586
                0.00000000                  2.79500000              49529.17789042
                0.00000000                  2.80312500              52501.75731675
                0.00000000                  2.81125000              55652.73710497
                0.00000000                  2.81937500              58992.83221594
                0.00000000                  2.82750000              62533.38492340
                0.00000000                  2.83562500              66286.43367546
                0.00000000                  2.84375000              70264.72428814
                0.00000000                  2.85187500              74481.78237654
                0.00000000                  2.86000000              78951.93077757
                0.00000000                  2.86812500              83690.36618769
                0.00000000                  2.87625000              88713.18339333
                0.00000000                  2.88437500              94037.45682314
                0.00000000                  2.89250000              99681.27224360
                0.00000000                  2.90062500             105663.81401394
                0.00000000                  2.90875000             112005.40499292
                0.00000000                  2.91687500             118727.60037488
                0.00000000                  2.92500000             125853.23665308
                0.00000000                  2.93312500             133406.53301682
                0.00000000                  2.94125000             141413.15032805
                0.00000000                  2.94937500             149900.30117426
                0.00000000                  2.95750000             158896.81993965
                0.00000000                  2.96562500             168433.28273745
                0.00000000                  2.97375000             178542.08979685
                0.00000000                  2.98187500             189257.59664379
                0.00000000                  2.99000000             200616.21018169
                0.00000000                  2.99812500             212656.53265299
                0.00000000                  3.00625000             225419.47296808
                0.00000000                  3.01437500             238948.40516370
                0.00000000                  3.02250000             253289.29673186
                0.00000000                  3.03062500             268490.88349825
                0.00000000                  3.03875000             284604.81692489
                0.00000000                  3.04687500             301685.85756395
                0.00000000                  3.05500000             319792.04355714
                0.00000000                  3.06312500             338984.90508207
                0.00000000                  3.07125000             359329.65655083
                0.00000000                  3.07937500             380895.43476006
                0.00000000                  3.08750000             403755.51760538
                0.00000000                  3.09562500             427987.58897699
                0.00000000                  3.10375000             453673.98715928
                0.00000000                  3.11187500             480901.99988537
                0.00000000                  3.12000000             509764.14598745
                0.00000000                  3.12812500             540358.50444149
                0.00000000                  3.13625000             572789.03327884
                0.00000000                  3.14437500             607165.93692196
                0.00000000                  3.15250000             643606.02686750
                0.00000000                  3.16062500             682233.13214182
                0.00000000                  3.16875000             723178.50682733
                0.00000000                  3.17687500             766581.28905973
                0.00000000                  3.18500000             812588.96110003
                0.00000000                  3.19312500             861357.86296232
                0.00000000                  3.20125000             913053.71144239
                0.00000000                  3.20937500             967852.17521410
                0.00000000                  3.21750000            1025939.46002168
                0.00000000                  3.22562500            1087512.95292481
                0.00000000                  3.23375000            1152781.88175589
                0.00000000                  3.24187500            1221968.03714036
                0.00000000                  3.25000000            1295306.51532503
                0.00000000                  3.25812500            1373046.52766357
                0.00000000                  3.26625000            1455452.23705076
                0.00000000                  3.27437500            1542803.66575833
                0.00000000                  3.28250000            1635397.63697816
                0.00000000                  3.29062500            1733548.79323658
                0.00000000                  3.29875000            1837590.65597459
                0.00000000                  3.30687500            1947876.76827777
                0.00000000                  3.31500000            2064781.88702269
                0.00000000                  3.32312500            2188703.26535531
                0.00000000                  3.33125000            2320061.99373163
                0.00000000                  3.33937500            2459304.43948309
                0.00000000                  3.34750000            2606903.75510051
                0.00000000                  3.35562500            2763361.49436639
                0.00000000                  3.36375000            2929209.30850221
                0.00000000                  3.37187500            3105010.76075345
                0.00000000                  3.38000000            3291363.23357196
                0.00000000                  3.38812500            3488899.96624329
                0.00000000                  3.39625000            3698292.19914285
                0.00000000                  3.40437500            3920251.46203305
                0.00000000                  3.41250000            4155531.98465338
                0.00000000                  3.42062500            4404933.26672863
                0.00000000                  3.42875000            4669302.78777257
                0.00000000                  3.43687500            4949538.89368433
                0.00000000                  3.44500000            5246593.84271242
                0.00000000                  3.45312500            5561477.04782647
                0.00000000                  3.46125000            5895258.50035814
                0.00000000                  3.46937500            6249072.41217851
                0.00000000                  3.47750000            6624121.06366706
                0.00000000                  3.48562500            7021678.89516709
                0.00000000                  3.49375000            7443096.83170333
                0.00000000                  3.50187500            7889806.87930257
                0.00000000                  3.51000000            8363326.98536326
                0.00000000                  3.51812500            8865266.20229938
                0.00000000                  3.52625000            9397330.14974948
                0.00000000                  3.53437500            9961326.81572242
                0.00000000                  3.54250000           10559172.69501777
                0.00000000                  3.55062500           11192899.30672727
                0.00000000                  3.55875000           11864660.09243495
                0.00000000                  3.56687500           12576737.73867564
                0.00000000                  3.57500000           13331551.92881689
                0.00000000                  3.58312500           14131667.57002863
                0.00000000                  3.59125000           14979803.50435973
                0.00000000                  3.59937500           15878841.75208037
                0.00000000                  3.60750000           16831837.30051232
                0.00000000                  3.61562500           17842028.48943418
                0.00000000                  3.62375000           18912848.01088399
                0.00000000                  3.63187500           20047934.57785615
                0.00000000                  3.64000000           21251145.28476651
                0.00000000                  3.64812500           22526568.71812940
                0.00000000                  3.65625000           23878538.84588382
                0.00000000                  3.66437500           25311649.74835715
                0.00000000                  3.67250000           26830771.22544730
                0.00000000                  3.68062500           28441065.34822411
                0.00000000                  3.68875000           30148003.99632957
                0.00000000                  3.69687500           31957387.45533698
                0.00000000                  3.70500000           33875364.12298828
                0.00000000                  3.71312500           35908451.40526292
                0.00000000                  3.72125000           38063557.85957383
                0.00000000                  3.72937500           40348006.67377090
                0.00000000                  3.73750000           42769560.54756717
                0.00000000                  3.74562500           45336448.07384137
                0.00000000                  3.75375000           48057391.69681480
                0.00000000                  3.76187500           50941637.35450093
                0.00000000                  3.77000000           53998985.89400739
                0.00000000                  3.77812500           57239826.37834639
                0.00000000                  3.78625000           60675171.38626467
                0.00000000                  3.79437500           64316694.43647902
                0.00000000                  3.80250000           68176769.65228014
                0.00000000                  3.81062500           72268513.81227142
                0.00000000                  3.81875000           76605830.91936903
                0.00000000                  3.82687500           81203459.45006129
                0.00000000                  3.83500000           86077022.43414433
                0.00000000                  3.84312500           91243080.54524046
                0.00000000                  3.85125000           96719188.37257423
                0.00000000                  3.85937500          102523954.07495308
                0.00000000                  3.86750000          108677102.61012258
                0.00000000                  3.87562500          115199542.76370129
                0.00000000                  3.88375000          122113438.19630294
                0.00000000                  3.89187500          129442282.75924608
                0.00000000                  3.90000000          137210980.32598057
                0.00000000                  3.90812500          145445929.41912541
                0.00000000                  3.91625000          154175112.91223648
                0.00000000                  3.92437500          163428193.11939535
                0.00000000                  3.93250000          173236612.58762857
                0.00000000                  3.94062500          183633700.94260296
                0.00000000                  3.94875000          194654788.14287916
                0.00000000                  3.95687500          206337324.53519753
                0.00000000                  3.96500000          218721008.11127713
                0.00000000                  3.97312500          231847919.40587786
                0.00000000                  3.98125000          245762664.48734209
                0.00000000                  3.98937500          260512526.53353730
                0.00000000                  3.99750000          276147626.50137675
                0.00000000                  4.00562500          292721093.44263005
                0.00000000                  4.01375000          310289245.03815818
                0.00000000                  4.02187500          328911778.97051513
                0.00000000                  4.03000000          348651975.77886772
                0.00000000                  4.03812500          369576913.89176238
                0.00000000                  4.04625000          391757697.56234694
                0.00000000                  4.05437500          415269698.48654687
                0.00000000                  4.06250000          440192811.91939008
                0.00000000                  4.07062500          466611728.16550136
                0.00000000                  4.07875000          494616220.36070216
                0.00000000                  4.08687500          524301449.52810669
                0.00000000                  4.09500000          555768287.93993723
                0.00000000                  4.10312500          589123661.88912725
                0.00000000                  4.11125000          624480915.03031719
                0.00000000                  4.11937500          661960193.52994347
                0.00000000                  4.12750000          701688854.32924759
                0.00000000                  4.13562500          743801897.91234040
                0.00000000                  4.14375000          788442427.04516900
                0.00000000                  4.15187500          835762133.04882789
                0.00000000                  4.16000000          885921811.25508964
                0.00000000                  4.16812500          939091907.40011764
                0.00000000                  4.17625000          995453096.80872166
                0.00000000                  4.18437500         1055196898.34149098
                0.00000000                  4.19250000         1118526325.18689489
                0.00000000                  4.20062500         1185656574.71383405
                0.00000000                  4.20875000         1256815759.72484016
                0.00000000                  4.21687500         1332245683.59865642
                0.00000000                  4.22500000         1412202661.95236206
                0.00000000                  4.23312500         1496958393.61885238
                0.00000000                  4.24125000         1586800883.89563131
                0.00000000                  4.24937500         1682035423.20577788
                0.00000000                  4.25750000         1782985624.49310446
                0.00000000                  4.26562500         1889994522.88011146
                0.00000000                  4.27375000         2003425741.32203388
                0.00000000                  4.28187500         2123664726.22129703
                0.00000000                  4.29000000         2251120057.19778204
                0.00000000                  4.29812500         2386224835.46882534
                0.00000000                  4.30625000         2529438155.55356741
                0.00000000                  4.31437500         2681246665.30571556
                0.00000000                  4.32250000         2842166219.57275820
                0.00000000                  4.33062500         3012743633.10386467
                0.00000000                  4.33875000         3193558538.66000223
                0.00000000                  4.34687500         3385225356.64317799
                0.00000000                  4.35500000         3588395382.93482542
                0.00000000                  4.36312500         3803759002.04080105
                0.00000000                  4.37125000         4032048033.06060743
                0.00000000                  4.37937500         4274038216.45529079
                0.00000000                  4.38750000         4530551850.06160736
                0.00000000                  4.39562500         4802460583.31231403
                0.00000000                  4.40375000         5090688379.15506172
                0.00000000                  4.41187500         5396214653.73710728
                0.00000000                  4.42000000         5720077604.52227783
                0.00000000                  4.42812500         6063377738.15173626
                0.00000000                  4.43625000         6427281610.03404045
                0.00000000                  4.44437500         6813025788.37427616
                0.00000000                  4.45250000         7221921056.10984039
                0.00000000                  4.46062500         7655356865.03378582
                0.00000000                  4.46875000         8114806057.23862839
                0.00000000                  4.47687500         8601829869.92687035
                0.00000000                  4.48500000         9118083240.59243202
                0.00000000                  4.49312500         9665320430.60275459
                0.00000000                  4.50125000        10245400986.28850365
                0.00000000                  4.50937500        10860296057.79929924
                0.00000000                  4.51750000        11512095097.19515419
                0.00000000                  4.52562500        12203012958.53629112
                0.00000000                  4.53375000        12935397424.09578896
                0.00000000                  4.54187500        13711737182.27162743
                0.00000000                  4.55000000        14534670284.30571175
                0.00000000                  4.55812500        15406993108.54797935
                0.00000000                  4.56625000        16331669862.72529030
                0.00000000                  4.57437500        17311842656.50568390
                0.00000000                  4.58250000        18350842178.58404541
                0.00000000                  4.59062500        19452199014.57167816
                0.00000000                  4.59875000        20619655644.14762115
                0.00000000                  4.60687500        21857179158.23983765
                0.00000000                  4.61500000        23168974739.44899750
                0.00000000                  4.62312500        24559499951.52325439
                0.00000000                  4.63125000        26033479886.43949890
                0.00000000                  4.63937500        27595923220.56274414
                0.00000000                  4.64750000        29252139234.44278717
                0.00000000                  4.65562500        31007755854.08291626
                0.00000000                  4.66375000        32868738774.98580933
                0.00000000                  4.67187500        34841411733.96141815
                0.00000000                  4.68000000        36932477997.58173370
                0.00000000                  4.68812500        39149043140.30136871
                0.00000000                  4.69625000        41498639189.64586639
                0.00000000                  4.70437500        43989250220.51387787
                0.00000000                  4.71250000        46629339485.56534576
                0.00000000                  4.72062500        49427878173.88492584
                0.00000000                  4.72875000        52394375895.64629364
                0.00000000                  4.73687500        55538912996.36406708
                0.00000000                  4.74500000        58872174810.54135895
                0.00000000                  4.75312500        62405487971.10663605
                0.00000000                  4.76125000        66150858898.02420807
                0.00000000                  4.76937500        70121014596.86271667
                0.00000000                  4.77750000        74329445905.95922852
                0.00000000                  4.78562500        78790453339.13505554
                0.00000000                  4.79375000        83519195679.73950195
                0.00000000                  4.80187500        88531741491.14735413
                0.00000000                  4.81000000        93845123718.74645996
                0.00000000                  4.81812500        99477397568.95509338
                0.00000000                  4.82625000       105447701861.94757080
                0.00000000                  4.83437500       111776324066.56620789
                0.00000000                  4.84250000       118484769238.41497803
                0.00000000                  4.85062500       125595833095.38789368
                0.00000000                  4.85875000       133133679478.95040894
                0.00000000                  4.86687500       141123922464.38925171
                0.00000000                  4.87500000       149593713399.04891968
                0.00000000                  4.88312500       158571833164.31460571
                0.00000000                  4.89125000       168088789974.85379028
                0.00000000                  4.89937500       178176923047.44595337
                0.00000000                  4.90750000       188870512491.67080688
                0.00000000                  4.91562500       200205895795.87399292
                0.00000000                  4.92375000       212221591304.23245239
                0.00000000                  4.93187500       224958429104.50863647
                0.00000000                  4.94000000       238459689771.24923706
                0.00000000                  4.94812500       252771251435.89877319
                0.00000000                  4.95625000       267941745683.56649780
                0.00000000                  4.96437500       284022722806.21020508
                0.00000000                  4.97250000       301068826973.76123047
                0.00000000                  4.98062500       319137981918.44812012
                0.00000000                  4.98875000       338291587763.27209473
                0.00000000                  4.99687500       358594729663.48449707
