                0.00000000                  0.00796875                  1.01197218
                0.00000000                  0.01593750                  0.99227566
                0.00000000                  0.02390625                  0.97296091
                0.00000000                  0.03187500                  0.95400611
                0.00000000                  0.03984375                  0.93540487
                0.00000000                  0.04781250                  0.91714721
                0.00000000                  0.05578125                  0.89921133
                0.00000000                  0.06375000                  0.88156700
                0.00000000                  0.07171875                  0.86432632
                0.00000000                  0.07968750                  0.84728638
                0.00000000                  0.08765625                  0.83074463
                0.00000000                  0.09562500                  0.81430613
                0.00000000                  0.10359375                  0.79844767
                0.00000000                  0.11156250                  0.78260192
                0.00000000                  0.11953125                  0.76740262
                0.00000000                  0.12750000                  0.75213570
                0.00000000                  0.13546875                  0.73756869
                0.00000000                  0.14343750                  0.72286339
                0.00000000                  0.15140625                  0.70890174
                0.00000000                  0.15937500                  0.69473913
                0.00000000                  0.16734375                  0.68135688
                0.00000000                  0.17531250                  0.66771727
                0.00000000                  0.18328125                  0.65488986
                0.00000000                  0.19125000                  0.64175338
                0.00000000                  0.19921875                  0.62945769
                0.00000000                  0.20718750                  0.61680467
                0.00000000                  0.21515625                  0.60501900
                0.00000000                  0.22312500                  0.59283015
                0.00000000                  0.23109375                  0.58153408
                0.00000000                  0.23906250                  0.56979064
                0.00000000                  0.24703125                  0.55896494
                0.00000000                  0.25500000                  0.54764870
                0.00000000                  0.26296875                  0.53727523
                0.00000000                  0.27093750                  0.52636856
                0.00000000                  0.27890625                  0.51643018
                0.00000000                  0.28687500                  0.50591605
                0.00000000                  0.29484375                  0.49639648
                0.00000000                  0.30281250                  0.48625846
                0.00000000                  0.31078125                  0.47714228
                0.00000000                  0.31875000                  0.46736448
                0.00000000                  0.32671875                  0.45863701
                0.00000000                  0.33468750                  0.44920411
                0.00000000                  0.34265625                  0.44085141
                0.00000000                  0.35062500                  0.43174861
                0.00000000                  0.35859375                  0.42375738
                0.00000000                  0.36656250                  0.41497041
                0.00000000                  0.37453125                  0.40732798
                0.00000000                  0.38250000                  0.39884305
                0.00000000                  0.39046875                  0.39153734
                0.00000000                  0.39843750                  0.38334113
                0.00000000                  0.40640625                  0.37636062
                0.00000000                  0.41437500                  0.36844026
                0.00000000                  0.42234375                  0.36177398
                0.00000000                  0.43031250                  0.35411703
                0.00000000                  0.43828125                  0.34775451
                0.00000000                  0.44625000                  0.34034894
                0.00000000                  0.45421875                  0.33428021
                0.00000000                  0.46218750                  0.32711437
                0.00000000                  0.47015625                  0.32132992
                0.00000000                  0.47812500                  0.31439255
                0.00000000                  0.48609375                  0.30888334
                0.00000000                  0.49406250                  0.30216352
                0.00000000                  0.50203125                  0.29692094
                0.00000000                  0.51000000                  0.29040811
                0.00000000                  0.51796875                  0.28542397
                0.00000000                  0.52593750                  0.27910787
                0.00000000                  0.53390625                  0.27437440
                0.00000000                  0.54187500                  0.26824509
                0.00000000                  0.54984375                  0.26375490
                0.00000000                  0.55781250                  0.25780273
                0.00000000                  0.56578125                  0.25354884
                0.00000000                  0.57375000                  0.24776442
                0.00000000                  0.58171875                  0.24374021
                0.00000000                  0.58968750                  0.23811443
                0.00000000                  0.59765625                  0.23431364
                0.00000000                  0.60562500                  0.22883762
                0.00000000                  0.61359375                  0.22525436
                0.00000000                  0.62156250                  0.21991946
                0.00000000                  0.62953125                  0.21654815
                0.00000000                  0.63750000                  0.21134597
                0.00000000                  0.64546875                  0.20818139
                0.00000000                  0.65343750                  0.20310370
                0.00000000                  0.66140625                  0.20014096
                0.00000000                  0.66937500                  0.19517973
                0.00000000                  0.67734375                  0.19241425
                0.00000000                  0.68531250                  0.18756165
                0.00000000                  0.69328125                  0.18498916
                0.00000000                  0.70125000                  0.18023750
                0.00000000                  0.70921875                  0.17785405
                0.00000000                  0.71718750                  0.17319582
                0.00000000                  0.72515625                  0.17099774
                0.00000000                  0.73312500                  0.16642555
                0.00000000                  0.74109375                  0.16440948
                0.00000000                  0.74906250                  0.15991610
                0.00000000                  0.75703125                  0.15807895
                0.00000000                  0.76500000                  0.15365725
                0.00000000                  0.77296875                  0.15199623
                0.00000000                  0.78093750                  0.14763919
                0.00000000                  0.78890625                  0.14615178
                0.00000000                  0.79687500                  0.14185249
                0.00000000                  0.80484375                  0.14053646
                0.00000000                  0.81281250                  0.13628807
                0.00000000                  0.82078125                  0.13514145
                0.00000000                  0.82875000                  0.13093722
                0.00000000                  0.83671875                  0.12995831
                0.00000000                  0.84468750                  0.12579154
                0.00000000                  0.85265625                  0.12497890
                0.00000000                  0.86062500                  0.12084297
                0.00000000                  0.86859375                  0.12019544
                0.00000000                  0.87656250                  0.11608375
                0.00000000                  0.88453125                  0.11560043
                0.00000000                  0.89250000                  0.11150641
                0.00000000                  0.90046875                  0.11118666
                0.00000000                  0.90843750                  0.10710379
                0.00000000                  0.91640625                  0.10694722
                0.00000000                  0.92437500                  0.10286897
                0.00000000                  0.93234375                  0.10287547
                0.00000000                  0.94031250                  0.09879532
                0.00000000                  0.94828125                  0.09896502
                0.00000000                  0.95625000                  0.09487645
                0.00000000                  0.96421875                  0.09520976
                0.00000000                  0.97218750                  0.09110621
                0.00000000                  0.98015625                  0.09160380
                0.00000000                  0.98812500                  0.08747869
                0.00000000                  0.99609375                  0.08814149
                0.00000000                  1.00406250                  0.08398821
                0.00000000                  1.01203125                  0.08481741
                0.00000000                  1.02000000                  0.08062929
                0.00000000                  1.02796875                  0.08162634
                0.00000000                  1.03593750                  0.07739666
                0.00000000                  1.04390625                  0.07856330
                0.00000000                  1.05187500                  0.07428525
                0.00000000                  1.05984375                  0.07562348
                0.00000000                  1.06781250                  0.07129018
                0.00000000                  1.07578125                  0.07280229
                0.00000000                  1.08375000                  0.06840676
                0.00000000                  1.09171875                  0.07009529
                0.00000000                  1.09968750                  0.06563046
                0.00000000                  1.10765625                  0.06749826
                0.00000000                  1.11562500                  0.06295692
                0.00000000                  1.12359375                  0.06500713
                0.00000000                  1.13156250                  0.06038195
                0.00000000                  1.13953125                  0.06261799
                0.00000000                  1.14750000                  0.05790151
                0.00000000                  1.15546875                  0.06032711
                0.00000000                  1.16343750                  0.05551171
                0.00000000                  1.17140625                  0.05813090
                0.00000000                  1.17937500                  0.05320880
                0.00000000                  1.18734375                  0.05602593
                0.00000000                  1.19531250                  0.05098916
                0.00000000                  1.20328125                  0.05400889
                0.00000000                  1.21125000                  0.04884931
                0.00000000                  1.21921875                  0.05207664
                0.00000000                  1.22718750                  0.04678589
                0.00000000                  1.23515625                  0.05022614
                0.00000000                  1.24312500                  0.04479565
                0.00000000                  1.25109375                  0.04845452
                0.00000000                  1.25906250                  0.04287549
                0.00000000                  1.26703125                  0.04675898
                0.00000000                  1.27500000                  0.04102237
                0.00000000                  1.28296875                  0.04513689
                0.00000000                  1.29093750                  0.03923339
                0.00000000                  1.29890625                  0.04358570
                0.00000000                  1.30687500                  0.03750574
                0.00000000                  1.31484375                  0.04210300
                0.00000000                  1.32281250                  0.03583670
                0.00000000                  1.33078125                  0.04068647
                0.00000000                  1.33875000                  0.03422365
                0.00000000                  1.34671875                  0.03933388
                0.00000000                  1.35468750                  0.03266406
                0.00000000                  1.36265625                  0.03804314
                0.00000000                  1.37062500                  0.03115547
                0.00000000                  1.37859375                  0.03681222
                0.00000000                  1.38656250                  0.02969551
                0.00000000                  1.39453125                  0.03563920
                0.00000000                  1.40250000                  0.02828189
                0.00000000                  1.41046875                  0.03452225
                0.00000000                  1.41843750                  0.02691237
                0.00000000                  1.42640625                  0.03345964
                0.00000000                  1.43437500                  0.02558480
                0.00000000                  1.44234375                  0.03244971
                0.00000000                  1.45031250                  0.02429711
                0.00000000                  1.45828125                  0.03149087
                0.00000000                  1.46625000                  0.02304724
                0.00000000                  1.47421875                  0.03058164
                0.00000000                  1.48218750                  0.02183324
                0.00000000                  1.49015625                  0.02972061
                0.00000000                  1.49812500                  0.02065320
                0.00000000                  1.50609375                  0.02890644
                0.00000000                  1.51406250                  0.01950525
                0.00000000                  1.52203125                  0.02813785
                0.00000000                  1.53000000                  0.01838758
                0.00000000                  1.53796875                  0.02741366
                0.00000000                  1.54593750                  0.01729842
                0.00000000                  1.55390625                  0.02673275
                0.00000000                  1.56187500                  0.01623607
                0.00000000                  1.56984375                  0.02609406
                0.00000000                  1.57781250                  0.01519884
                0.00000000                  1.58578125                  0.02549660
                0.00000000                  1.59375000                  0.01418509
                0.00000000                  1.60171875                  0.02493945
                0.00000000                  1.60968750                  0.01319321
                0.00000000                  1.61765625                  0.02442175
                0.00000000                  1.62562500                  0.01222165
                0.00000000                  1.63359375                  0.02394270
                0.00000000                  1.64156250                  0.01126885
                0.00000000                  1.64953125                  0.02350158
                0.00000000                  1.65750000                  0.01033332
                0.00000000                  1.66546875                  0.02309769
                0.00000000                  1.67343750                  0.00941357
                0.00000000                  1.68140625                  0.02273044
                0.00000000                  1.68937500                  0.00850814
                0.00000000                  1.69734375                  0.02239925
                0.00000000                  1.70531250                  0.00761559
                0.00000000                  1.71328125                  0.02210364
                0.00000000                  1.72125000                  0.00673451
                0.00000000                  1.72921875                  0.02184315
                0.00000000                  1.73718750                  0.00586349
                0.00000000                  1.74515625                  0.02161739
                0.00000000                  1.75312500                  0.00500115
                0.00000000                  1.76109375                  0.02142604
                0.00000000                  1.76906250                  0.00414612
                0.00000000                  1.77703125                  0.02126881
                0.00000000                  1.78500000                  0.00329704
                0.00000000                  1.79296875                  0.02114548
                0.00000000                  1.80093750                  0.00245254
                0.00000000                  1.80890625                  0.02105588
                0.00000000                  1.81687500                  0.00161129
                0.00000000                  1.82484375                  0.02099990
                0.00000000                  1.83281250                  0.00077195
                0.00000000                  1.84078125                  0.02097746
                0.00000000                  1.84875000                  0.00006684
                0.00000000                  1.85671875                  0.02098857
                0.00000000                  1.86468750                  0.00090641
                0.00000000                  1.87265625                  0.02103327
                0.00000000                  1.88062500                  0.00174811
                0.00000000                  1.88859375                  0.02111165
                0.00000000                  1.89656250                  0.00259328
                0.00000000                  1.90453125                  0.02122387
                0.00000000                  1.91250000                  0.00344327
                0.00000000                  1.92046875                  0.02137014
                0.00000000                  1.92843750                  0.00429947
                0.00000000                  1.93640625                  0.02155071
                0.00000000                  1.94437500                  0.00516322
                0.00000000                  1.95234375                  0.02176591
                0.00000000                  1.96031250                  0.00603594
                0.00000000                  1.96828125                  0.02201610
                0.00000000                  1.97625000                  0.00691901
                0.00000000                  1.98421875                  0.02230171
                0.00000000                  1.99218750                  0.00781386
                0.00000000                  2.00015625                  0.02262323
                0.00000000                  2.00812500                  0.00872193
                0.00000000                  2.01609375                  0.02298121
                0.00000000                  2.02406250                  0.00964468
                0.00000000                  2.03203125                  0.02337624
                0.00000000                  2.04000000                  0.01058361
                0.00000000                  2.04796875                  0.02380898
                0.00000000                  2.05593750                  0.01154023
                0.00000000                  2.06390625                  0.02428017
                0.00000000                  2.07187500                  0.01251607
                0.00000000                  2.07984375                  0.02479057
                0.00000000                  2.08781250                  0.01351273
                0.00000000                  2.09578125                  0.02534105
                0.00000000                  2.10375000                  0.01453181
                0.00000000                  2.11171875                  0.02593251
                0.00000000                  2.11968750                  0.01557495
                0.00000000                  2.12765625                  0.02656594
                0.00000000                  2.13562500                  0.01664385
                0.00000000                  2.14359375                  0.02724238
                0.00000000                  2.15156250                  0.01774024
                0.00000000                  2.15953125                  0.02796294
                0.00000000                  2.16750000                  0.01886589
                0.00000000                  2.17546875                  0.02872882
                0.00000000                  2.18343750                  0.02002263
                0.00000000                  2.19140625                  0.02954128
                0.00000000                  2.19937500                  0.02121233
                0.00000000                  2.20734375                  0.03040165
                0.00000000                  2.21531250                  0.02243693
                0.00000000                  2.22328125                  0.03131136
                0.00000000                  2.23125000                  0.02369841
                0.00000000                  2.23921875                  0.03227188
                0.00000000                  2.24718750                  0.02499881
                0.00000000                  2.25515625                  0.03328481
                0.00000000                  2.26312500                  0.02634026
                0.00000000                  2.27109375                  0.03435181
                0.00000000                  2.27906250                  0.02772492
                0.00000000                  2.28703125                  0.03547462
                0.00000000                  2.29500000                  0.02915506
                0.00000000                  2.30296875                  0.03665509
                0.00000000                  2.31093750                  0.03063298
                0.00000000                  2.31890625                  0.03789515
                0.00000000                  2.32687500                  0.03216111
                0.00000000                  2.33484375                  0.03919683
                0.00000000                  2.34281250                  0.03374191
                0.00000000                  2.35078125                  0.04056227
                0.00000000                  2.35875000                  0.03537797
                0.00000000                  2.36671875                  0.04199370
                0.00000000                  2.37468750                  0.03707195
                0.00000000                  2.38265625                  0.04349346
                0.00000000                  2.39062500                  0.03882659
                0.00000000                  2.39859375                  0.04506402
                0.00000000                  2.40656250                  0.04064477
                0.00000000                  2.41453125                  0.04670793
                0.00000000                  2.42250000                  0.04252943
                0.00000000                  2.43046875                  0.04842789
                0.00000000                  2.43843750                  0.04448365
                0.00000000                  2.44640625                  0.05022671
                0.00000000                  2.45437500                  0.04651061
                0.00000000                  2.46234375                  0.05210733
                0.00000000                  2.47031250                  0.04861360
                0.00000000                  2.47828125                  0.05407283
                0.00000000                  2.48625000                  0.05079606
                0.00000000                  2.49421875                  0.05612642
                0.00000000                  2.50218750                  0.05306155
                0.00000000                  2.51015625                  0.05827145
                0.00000000                  2.51812500                  0.05541374
                0.00000000                  2.52609375                  0.06051143
                0.00000000                  2.53406250                  0.05785649
                0.00000000                  2.54203125                  0.06285003
                0.00000000                  2.55000000                  0.06039375
                0.00000000                  2.55796875                  0.06529105
                0.00000000                  2.56593750                  0.06302968
                0.00000000                  2.57390625                  0.06783849
                0.00000000                  2.58187500                  0.06576857
                0.00000000                  2.58984375                  0.07049652
                0.00000000                  2.59781250                  0.06861487
                0.00000000                  2.60578125                  0.07326946
                0.00000000                  2.61375000                  0.07157325
                0.00000000                  2.62171875                  0.07616185
                0.00000000                  2.62968750                  0.07464850
                0.00000000                  2.63765625                  0.07917842
                0.00000000                  2.64562500                  0.07784566
                0.00000000                  2.65359375                  0.08232409
                0.00000000                  2.66156250                  0.08116992
                0.00000000                  2.66953125                  0.08560399
                0.00000000                  2.67750000                  0.08462673
                0.00000000                  2.68546875                  0.08902348
                0.00000000                  2.69343750                  0.08822170
                0.00000000                  2.70140625                  0.09258815
                0.00000000                  2.70937500                  0.09196070
                0.00000000                  2.71734375                  0.09630381
                0.00000000                  2.72531250                  0.09584983
                0.00000000                  2.73328125                  0.10017653
                0.00000000                  2.74125000                  0.09989544
                0.00000000                  2.74921875                  0.10421263
                0.00000000                  2.75718750                  0.10410411
                0.00000000                  2.76515625                  0.10841870
                0.00000000                  2.77312500                  0.10848273
                0.00000000                  2.78109375                  0.11280161
                0.00000000                  2.78906250                  0.11303841
                0.00000000                  2.79703125                  0.11736851
                0.00000000                  2.80500000                  0.11777861
                0.00000000                  2.81296875                  0.12212685
                0.00000000                  2.82093750                  0.12271105
                0.00000000                  2.82890625                  0.12708440
                0.00000000                  2.83687500                  0.12784377
                0.00000000                  2.84484375                  0.13224926
                0.00000000                  2.85281250                  0.13318515
                0.00000000                  2.86078125                  0.13762985
                0.00000000                  2.86875000                  0.13874390
                0.00000000                  2.87671875                  0.14323495
                0.00000000                  2.88468750                  0.14452909
                0.00000000                  2.89265625                  0.14907371
                0.00000000                  2.90062500                  0.15055016
                0.00000000                  2.90859375                  0.15515567
                0.00000000                  2.91656250                  0.15681693
                0.00000000                  2.92453125                  0.16149074
                0.00000000                  2.93250000                  0.16333962
                0.00000000                  2.94046875                  0.16808926
                0.00000000                  2.94843750                  0.17012888
                0.00000000                  2.95640625                  0.17496201
                0.00000000                  2.96437500                  0.17719577
                0.00000000                  2.97234375                  0.18212020
                0.00000000                  2.98031250                  0.18455184
                0.00000000                  2.98828125                  0.18957551
                0.00000000                  2.99625000                  0.19220907
                0.00000000                  3.00421875                  0.19734011
                0.00000000                  3.01218750                  0.20017997
                0.00000000                  3.02015625                  0.20542666
                0.00000000                  3.02812500                  0.20847753
                0.00000000                  3.03609375                  0.21384837
                0.00000000                  3.04406250                  0.21711530
                0.00000000                  3.05203125                  0.22261898
                0.00000000                  3.06000000                  0.22610737
                0.00000000                  3.06796875                  0.23175280
                0.00000000                  3.07593750                  0.23546841
                0.00000000                  3.08390625                  0.24126473
                0.00000000                  3.09187500                  0.24521369
                0.00000000                  3.09984375                  0.25117030
                0.00000000                  3.10781250                  0.25535911
                0.00000000                  3.11578125                  0.26148567
                0.00000000                  3.12375000                  0.26592122
                0.00000000                  3.13171875                  0.27222767
                0.00000000                  3.13968750                  0.27691727
                0.00000000                  3.14765625                  0.28341383
                0.00000000                  3.15562500                  0.28836518
                0.00000000                  3.16359375                  0.29506241
                0.00000000                  3.17156250                  0.30028363
                0.00000000                  3.17953125                  0.30719241
                0.00000000                  3.18750000                  0.31269208
                0.00000000                  3.19546875                  0.31982362
                0.00000000                  3.20343750                  0.32561077
                0.00000000                  3.21140625                  0.33297667
                0.00000000                  3.21937500                  0.33906078
                0.00000000                  3.22734375                  0.34667300
                0.00000000                  3.23531250                  0.35306405
                0.00000000                  3.24328125                  0.36093497
                0.00000000                  3.25125000                  0.36764342
                0.00000000                  3.25921875                  0.37578585
                0.00000000                  3.26718750                  0.38282270
                0.00000000                  3.27515625                  0.39124987
                0.00000000                  3.28312500                  0.39862664
                0.00000000                  3.29109375                  0.40735227
                0.00000000                  3.29906250                  0.41508103
                0.00000000                  3.30703125                  0.42411932
                0.00000000                  3.31500000                  0.43221272
                0.00000000                  3.32296875                  0.44157838
                0.00000000                  3.33093750                  0.45004966
                0.00000000                  3.33890625                  0.45975794
                0.00000000                  3.34687500                  0.46862096
                0.00000000                  3.35484375                  0.47868767
                0.00000000                  3.36281250                  0.48795692
                0.00000000                  3.37078125                  0.49839844
                0.00000000                  3.37875000                  0.50808908
                0.00000000                  3.38671875                  0.51892242
                0.00000000                  3.39468750                  0.52905029
                0.00000000                  3.40265625                  0.54029311
                0.00000000                  3.41062500                  0.55087477
                0.00000000                  3.41859375                  0.56254537
                0.00000000                  3.42656250                  0.57359811
                0.00000000                  3.43453125                  0.58571551
                0.00000000                  3.44250000                  0.59725739
                0.00000000                  3.45046875                  0.60984134
                0.00000000                  3.45843750                  0.62189122
                0.00000000                  3.46640625                  0.63496223
                0.00000000                  3.47437500                  0.64753979
                0.00000000                  3.48234375                  0.66111916
                0.00000000                  3.49031250                  0.67424496
                0.00000000                  3.49828125                  0.68835482
                0.00000000                  3.50625000                  0.70205028
                0.00000000                  3.51421875                  0.71671364
                0.00000000                  3.52218750                  0.73100115
                0.00000000                  3.53015625                  0.74624190
                0.00000000                  3.53812500                  0.76114478
                0.00000000                  3.54609375                  0.77698778
                0.00000000                  3.55406250                  0.79253037
                0.00000000                  3.56203125                  0.80900145
                0.00000000                  3.57000000                  0.82520914
                0.00000000                  3.57796875                  0.84233514
                0.00000000                  3.58593750                  0.85923438
                0.00000000                  3.59390625                  0.87704324
                0.00000000                  3.60187500                  0.89466164
                0.00000000                  3.60984375                  0.91318240
                0.00000000                  3.61781250                  0.93154871
                0.00000000                  3.62578125                  0.95081157
                0.00000000                  3.63375000                  0.96995578
                0.00000000                  3.64171875                  0.98999215
                0.00000000                  3.64968750                  1.00994551
                0.00000000                  3.65765625                  1.03078808
                0.00000000                  3.66562500                  1.05158317
                0.00000000                  3.67359375                  1.07326592
                0.00000000                  3.68156250                  1.09493668
                0.00000000                  3.68953125                  1.11749498
                0.00000000                  3.69750000                  1.14007679
                0.00000000                  3.70546875                  1.16354743
                0.00000000                  3.71343750                  1.18707715
                0.00000000                  3.72140625                  1.21149842
                0.00000000                  3.72937500                  1.23601445
                0.00000000                  3.73734375                  1.26142618
                0.00000000                  3.74531250                  1.28696854
                0.00000000                  3.75328125                  1.31341219
                0.00000000                  3.76125000                  1.34002256
                0.00000000                  3.76921875                  1.36754125
                0.00000000                  3.77718750                  1.39526308
                0.00000000                  3.78515625                  1.42390171
                0.00000000                  3.79312500                  1.45278023
                0.00000000                  3.80109375                  1.48258552
                0.00000000                  3.80906250                  1.51266786
                0.00000000                  3.81703125                  1.54368843
                0.00000000                  3.82500000                  1.57502369
                0.00000000                  3.83296875                  1.60731014
                0.00000000                  3.84093750                  1.63994946
                0.00000000                  3.84890625                  1.67355447
                0.00000000                  3.85687500                  1.70755112
                0.00000000                  3.86484375                  1.74252951
                0.00000000                  3.87281250                  1.77793896
                0.00000000                  3.88078125                  1.81434780
                0.00000000                  3.88875000                  1.85122784
                0.00000000                  3.89671875                  1.88912652
                0.00000000                  3.90468750                  1.92753734
                0.00000000                  3.91265625                  1.96698769
                0.00000000                  3.92062500                  2.00699198
                0.00000000                  3.92859375                  2.04805836
                0.00000000                  3.93656250                  2.08972139
                0.00000000                  3.94453125                  2.13247081
                0.00000000                  3.95250000                  2.17586057
                0.00000000                  3.96046875                  2.22036277
                0.00000000                  3.96843750                  2.26555006
                0.00000000                  3.97640625                  2.31187765
                0.00000000                  3.98437500                  2.35893622
                0.00000000                  3.99234375                  2.40716478
                0.00000000                  4.00031250                  2.45617142
                0.00000000                  4.00828125                  2.50637964
                0.00000000                  4.01625000                  2.55741431
                0.00000000                  4.02421875                  2.60968411
                0.00000000                  4.03218750                  2.66283009
                0.00000000                  4.04015625                  2.71724675
                0.00000000                  4.04812500                  2.77259077
                0.00000000                  4.05609375                  2.82924308
                0.00000000                  4.06406250                  2.88687545
                0.00000000                  4.07203125                  2.94585583
                0.00000000                  4.08000000                  3.00587059
                0.00000000                  4.08796875                  3.06727527
                0.00000000                  4.09593750                  3.12977036
                0.00000000                  4.10390625                  3.19369954
                0.00000000                  4.11187500                  3.25877692
                0.00000000                  4.11984375                  3.32533491
                0.00000000                  4.12781250                  3.39310078
                0.00000000                  4.13578125                  3.46239617
                0.00000000                  4.14375000                  3.53296110
                0.00000000                  4.15171875                  3.60510695
                0.00000000                  4.15968750                  3.67858610
                0.00000000                  4.16765625                  3.75370013
                0.00000000                  4.17562500                  3.83021339
                0.00000000                  4.18359375                  3.90841815
                0.00000000                  4.19156250                  3.98809037
                0.00000000                  4.19953125                  4.06951347
                0.00000000                  4.20750000                  4.15247465
                0.00000000                  4.21546875                  4.23724894
                0.00000000                  4.22343750                  4.32363445
                0.00000000                  4.23140625                  4.41189826
                0.00000000                  4.23937500                  4.50184906
                0.00000000                  4.24734375                  4.59374639
                0.00000000                  4.25531250                  4.68740925
                0.00000000                  4.26328125                  4.78309005
                0.00000000                  4.27125000                  4.88061782
                0.00000000                  4.27921875                  4.98023820
                0.00000000                  4.28718750                  5.08179000
                0.00000000                  4.29515625                  5.18551252
                0.00000000                  4.30312500                  5.29125406
                0.00000000                  4.31109375                  5.39924795
                0.00000000                  4.31906250                  5.50935176
                0.00000000                  4.32703125                  5.62179323
                0.00000000                  4.33500000                  5.73643898
                0.00000000                  4.34296875                  5.85351150
                0.00000000                  4.35093750                  5.97288625
                0.00000000                  4.35890625                  6.09478084
                0.00000000                  4.36687500                  6.21907938
                0.00000000                  4.37484375                  6.34599493
                0.00000000                  4.38281250                  6.47542007
                0.00000000                  4.39078125                  6.60756366
                0.00000000                  4.39875000                  6.74232660
                0.00000000                  4.40671875                  6.87991384
                0.00000000                  4.41468750                  7.02023446
                0.00000000                  4.42265625                  7.16348986
                0.00000000                  4.43062500                  7.30959712
                0.00000000                  4.43859375                  7.45875442
                0.00000000                  4.44656250                  7.61088673
                0.00000000                  4.45453125                  7.76618930
                0.00000000                  4.46250000                  7.92459489
                0.00000000                  4.47046875                  8.08629613
                0.00000000                  4.47843750                  8.25123347
                0.00000000                  4.48640625                  8.41959724
                0.00000000                  4.49437500                  8.59133546
                0.00000000                  4.50234375                  8.76663645
                0.00000000                  4.51031250                  8.94545577
                0.00000000                  4.51828125                  9.12798004
                0.00000000                  4.52625000                  9.31417223
                0.00000000                  4.53421875                  9.50421759
                0.00000000                  4.54218750                  9.69808647
                0.00000000                  4.55015625                  9.89596300
                0.00000000                  4.55812500                 10.09782491
                0.00000000                  4.56609375                 10.30385549
                0.00000000                  4.57406250                 10.51403980
                0.00000000                  4.58203125                 10.72856060
                0.00000000                  4.59000000                 10.94741026
                0.00000000                  4.59796875                 11.17077132
                0.00000000                  4.60593750                 11.39864343
                0.00000000                  4.61390625                 11.63120919
                0.00000000                  4.62187500                 11.86847556
                0.00000000                  4.62984375                 12.11062550
                0.00000000                  4.63781250                 12.35767329
                0.00000000                  4.64578125                 12.60980251
                0.00000000                  4.65375000                 12.86703481
                0.00000000                  4.66171875                 13.12955472
                0.00000000                  4.66968750                 13.39739126
                0.00000000                  4.67765625                 13.67073020
                0.00000000                  4.68562500                 13.94960800
                0.00000000                  4.69359375                 14.23421196
                0.00000000                  4.70156250                 14.52458607
                0.00000000                  4.70953125                 14.82091945
                0.00000000                  4.71750000                 15.12326366
                0.00000000                  4.72546875                 15.43180998
                0.00000000                  4.73343750                 15.74661762
                0.00000000                  4.74140625                 16.06788032
                0.00000000                  4.74937500                 16.39566507
                0.00000000                  4.75734375                 16.73016834
                0.00000000                  4.76531250                 17.07146503
                0.00000000                  4.77328125                 17.41975469
                0.00000000                  4.78125000                 17.77512022
                0.00000000                  4.78921875                 18.13776456
                0.00000000                  4.79718750                 18.50777876
                0.00000000                  4.80515625                 18.88536950
                0.00000000                  4.81312500                 19.27063612
                0.00000000                  4.82109375                 19.66378937
                0.00000000                  4.82906250                 20.06493705
                0.00000000                  4.83703125                 20.47429431
                0.00000000                  4.84500000                 20.89197760
                0.00000000                  4.85296875                 21.31820680
                0.00000000                  4.86093750                 21.75310722
                0.00000000                  4.86890625                 22.19690383
                0.00000000                  4.87687500                 22.64973101
                0.00000000                  4.88484375                 23.11181918
                0.00000000                  4.89281250                 23.58331198
                0.00000000                  4.90078125                 24.06444568
                0.00000000                  4.90875000                 24.55537343
                0.00000000                  4.91671875                 25.05633772
                0.00000000                  4.92468750                 25.56750146
                0.00000000                  4.93265625                 26.08911375
                0.00000000                  4.94062500                 26.62134754
                0.00000000                  4.94859375                 27.16445894
                0.00000000                  4.95656250                 27.71863121
                0.00000000                  4.96453125                 28.28412791
                0.00000000                  4.97250000                 28.86114290
                0.00000000                  4.98046875                 29.44994760
                0.00000000                  4.98843750                 30.05074682
                0.00000000                  4.99640625                 30.66382027
