                0.00000000                  0.00789063                  1.01216689
                0.00000000                  0.01578125                  0.99265781
                0.00000000                  0.02367187                  0.97352328
                0.00000000                  0.03156250                  0.95474239
                0.00000000                  0.03945313                  0.93630854
                0.00000000                  0.04734375                  0.91821235
                0.00000000                  0.05523438                  0.90043313
                0.00000000                  0.06312500                  0.88294188
                0.00000000                  0.07101562                  0.86583942
                0.00000000                  0.07890625                  0.84894878
                0.00000000                  0.08679687                  0.83252263
                0.00000000                  0.09468750                  0.81623294
                0.00000000                  0.10257812                  0.80046587
                0.00000000                  0.11046875                  0.78477059
                0.00000000                  0.11835937                  0.76963818
                0.00000000                  0.12625000                  0.75452480
                0.00000000                  0.13414062                  0.74000049
                0.00000000                  0.14203125                  0.72545282
                0.00000000                  0.14992187                  0.71151020
                0.00000000                  0.15781250                  0.69751010
                0.00000000                  0.16570312                  0.68412378
                0.00000000                  0.17359375                  0.67065227
                0.00000000                  0.18148437                  0.65779822
                0.00000000                  0.18937500                  0.64483611
                0.00000000                  0.19726562                  0.63249164
                0.00000000                  0.20515625                  0.62001994
                0.00000000                  0.21304687                  0.60816369
                0.00000000                  0.22093750                  0.59616383
                0.00000000                  0.22882812                  0.58477562
                0.00000000                  0.23671875                  0.57322956
                0.00000000                  0.24460938                  0.56229032
                0.00000000                  0.25250000                  0.55118062
                0.00000000                  0.26039063                  0.54067224
                0.00000000                  0.26828125                  0.52998210
                0.00000000                  0.27617188                  0.51988740
                0.00000000                  0.28406250                  0.50960062
                0.00000000                  0.29195313                  0.49990321
                0.00000000                  0.29984375                  0.49000423
                0.00000000                  0.30773438                  0.48068847
                0.00000000                  0.31562500                  0.47116233
                0.00000000                  0.32351563                  0.46221330
                0.00000000                  0.33140625                  0.45304560
                0.00000000                  0.33929688                  0.44444901
                0.00000000                  0.34718750                  0.43562593
                0.00000000                  0.35507813                  0.42736808
                0.00000000                  0.36296875                  0.41887634
                0.00000000                  0.37085938                  0.41094411
                0.00000000                  0.37875000                  0.40277094
                0.00000000                  0.38664063                  0.39515174
                0.00000000                  0.39453125                  0.38728486
                0.00000000                  0.40242188                  0.37996661
                0.00000000                  0.41031250                  0.37239423
                0.00000000                  0.41820313                  0.36536532
                0.00000000                  0.42609375                  0.35807610
                0.00000000                  0.43398438                  0.35132538
                0.00000000                  0.44187500                  0.34430842
                0.00000000                  0.44976563                  0.33782519
                0.00000000                  0.45765625                  0.33107001
                0.00000000                  0.46554688                  0.32484398
                0.00000000                  0.47343750                  0.31834050
                0.00000000                  0.48132813                  0.31236178
                0.00000000                  0.48921875                  0.30610031
                0.00000000                  0.49710938                  0.30035940
                0.00000000                  0.50500000                  0.29433063
                0.00000000                  0.51289063                  0.28881839
                0.00000000                  0.52078125                  0.28301335
                0.00000000                  0.52867188                  0.27772100
                0.00000000                  0.53656250                  0.27213109
                0.00000000                  0.54445313                  0.26705018
                0.00000000                  0.55234375                  0.26166713
                0.00000000                  0.56023438                  0.25678953
                0.00000000                  0.56812500                  0.25160537
                0.00000000                  0.57601563                  0.24692328
                0.00000000                  0.58390625                  0.24193035
                0.00000000                  0.59179688                  0.23743627
                0.00000000                  0.59968750                  0.23262722
                0.00000000                  0.60757813                  0.22831392
                0.00000000                  0.61546875                  0.22368167
                0.00000000                  0.62335938                  0.21954221
                0.00000000                  0.63125000                  0.21507995
                0.00000000                  0.63914063                  0.21110767
                0.00000000                  0.64703125                  0.20680886
                0.00000000                  0.65492188                  0.20299734
                0.00000000                  0.66281250                  0.19885569
                0.00000000                  0.67070313                  0.19519875
                0.00000000                  0.67859375                  0.19120820
                0.00000000                  0.68648438                  0.18769992
                0.00000000                  0.69437500                  0.18385466
                0.00000000                  0.70226563                  0.18048933
                0.00000000                  0.71015625                  0.17678376
                0.00000000                  0.71804688                  0.17355590
                0.00000000                  0.72593750                  0.16998465
                0.00000000                  0.73382813                  0.16688897
                0.00000000                  0.74171875                  0.16344687
                0.00000000                  0.74960938                  0.16047831
                0.00000000                  0.75750000                  0.15716037
                0.00000000                  0.76539063                  0.15431406
                0.00000000                  0.77328125                  0.15111551
                0.00000000                  0.78117188                  0.14838675
                0.00000000                  0.78906250                  0.14530299
                0.00000000                  0.79695313                  0.14268727
                0.00000000                  0.80484375                  0.13971388
                0.00000000                  0.81273438                  0.13720687
                0.00000000                  0.82062500                  0.13433959
                0.00000000                  0.82851563                  0.13193712
                0.00000000                  0.83640625                  0.12917187
                0.00000000                  0.84429688                  0.12686994
                0.00000000                  0.85218750                  0.12420278
                0.00000000                  0.86007813                  0.12199752
                0.00000000                  0.86796875                  0.11942468
                0.00000000                  0.87585938                  0.11731240
                0.00000000                  0.88375000                  0.11483024
                0.00000000                  0.89164063                  0.11280736
                0.00000000                  0.89953125                  0.11041238
                0.00000000                  0.90742188                  0.10847548
                0.00000000                  0.91531250                  0.10616433
                0.00000000                  0.92320313                  0.10431012
                0.00000000                  0.93109375                  0.10207956
                0.00000000                  0.93898438                  0.10030487
                0.00000000                  0.94687500                  0.09815179
                0.00000000                  0.95476562                  0.09645357
                0.00000000                  0.96265625                  0.09437499
                0.00000000                  0.97054687                  0.09275030
                0.00000000                  0.97843750                  0.09074335
                0.00000000                  0.98632812                  0.08918939
                0.00000000                  0.99421875                  0.08725130
                0.00000000                  1.00210937                  0.08576535
                0.00000000                  1.01000000                  0.08389346
                0.00000000                  1.01789062                  0.08247293
                0.00000000                  1.02578125                  0.08066469
                0.00000000                  1.03367187                  0.07930706
                0.00000000                  1.04156250                  0.07756001
                0.00000000                  1.04945312                  0.07626289
                0.00000000                  1.05734375                  0.07457467
                0.00000000                  1.06523437                  0.07333573
                0.00000000                  1.07312500                  0.07170407
                0.00000000                  1.08101562                  0.07052108
                0.00000000                  1.08890625                  0.06894380
                0.00000000                  1.09679687                  0.06781463
                0.00000000                  1.10468750                  0.06628963
                0.00000000                  1.11257812                  0.06521221
                0.00000000                  1.12046875                  0.06373746
                0.00000000                  1.12835937                  0.06270983
                0.00000000                  1.13625000                  0.06128339
                0.00000000                  1.14414062                  0.06030363
                0.00000000                  1.15203125                  0.05892365
                0.00000000                  1.15992187                  0.05798993
                0.00000000                  1.16781250                  0.05665459
                0.00000000                  1.17570312                  0.05576516
                0.00000000                  1.18359375                  0.05447276
                0.00000000                  1.19148437                  0.05362591
                0.00000000                  1.19937500                  0.05237477
                0.00000000                  1.20726562                  0.05156890
                0.00000000                  1.21515625                  0.05035743
                0.00000000                  1.22304687                  0.04959095
                0.00000000                  1.23093750                  0.04841762
                0.00000000                  1.23882812                  0.04768904
                0.00000000                  1.24671875                  0.04655236
                0.00000000                  1.25460937                  0.04586023
                0.00000000                  1.26250000                  0.04475880
                0.00000000                  1.27039062                  0.04410172
                0.00000000                  1.27828125                  0.04303417
                0.00000000                  1.28617187                  0.04241082
                0.00000000                  1.29406250                  0.04137582
                0.00000000                  1.30195312                  0.04078490
                0.00000000                  1.30984375                  0.03978122
                0.00000000                  1.31773437                  0.03922149
                0.00000000                  1.32562500                  0.03824790
                0.00000000                  1.33351562                  0.03771818
                0.00000000                  1.34140625                  0.03677351
                0.00000000                  1.34929687                  0.03627266
                0.00000000                  1.35718750                  0.03535578
                0.00000000                  1.36507812                  0.03488270
                0.00000000                  1.37296875                  0.03399255
                0.00000000                  1.38085937                  0.03354617
                0.00000000                  1.38875000                  0.03268171
                0.00000000                  1.39664062                  0.03226103
                0.00000000                  1.40453125                  0.03142124
                0.00000000                  1.41242187                  0.03102528
                0.00000000                  1.42031250                  0.03020923
                0.00000000                  1.42820312                  0.02983704
                0.00000000                  1.43609375                  0.02904379
                0.00000000                  1.44398437                  0.02869447
                0.00000000                  1.45187500                  0.02792314
                0.00000000                  1.45976562                  0.02759583
                0.00000000                  1.46765625                  0.02684557
                0.00000000                  1.47554687                  0.02653942
                0.00000000                  1.48343750                  0.02580940
                0.00000000                  1.49132812                  0.02552362
                0.00000000                  1.49921875                  0.02481306
                0.00000000                  1.50710937                  0.02454687
                0.00000000                  1.51500000                  0.02385501
                0.00000000                  1.52289062                  0.02360767
                0.00000000                  1.53078125                  0.02293378
                0.00000000                  1.53867187                  0.02270457
                0.00000000                  1.54656250                  0.02204796
                0.00000000                  1.55445312                  0.02183619
                0.00000000                  1.56234375                  0.02119618
                0.00000000                  1.57023437                  0.02100120
                0.00000000                  1.57812500                  0.02037713
                0.00000000                  1.58601562                  0.02019830
                0.00000000                  1.59390625                  0.01958956
                0.00000000                  1.60179687                  0.01942627
                0.00000000                  1.60968750                  0.01883226
                0.00000000                  1.61757812                  0.01868393
                0.00000000                  1.62546875                  0.01810405
                0.00000000                  1.63335937                  0.01797011
                0.00000000                  1.64125000                  0.01740384
                0.00000000                  1.64914062                  0.01728375
                0.00000000                  1.65703125                  0.01673053
                0.00000000                  1.66492187                  0.01662376
                0.00000000                  1.67281250                  0.01608310
                0.00000000                  1.68070312                  0.01598916
                0.00000000                  1.68859375                  0.01546055
                0.00000000                  1.69648437                  0.01537895
                0.00000000                  1.70437500                  0.01486192
                0.00000000                  1.71226562                  0.01479219
                0.00000000                  1.72015625                  0.01428630
                0.00000000                  1.72804687                  0.01422800
                0.00000000                  1.73593750                  0.01373280
                0.00000000                  1.74382812                  0.01368550
                0.00000000                  1.75171875                  0.01320056
                0.00000000                  1.75960937                  0.01316386
                0.00000000                  1.76750000                  0.01268878
                0.00000000                  1.77539062                  0.01266227
                0.00000000                  1.78328125                  0.01219667
                0.00000000                  1.79117187                  0.01217996
                0.00000000                  1.79906250                  0.01172346
                0.00000000                  1.80695312                  0.01171620
                0.00000000                  1.81484375                  0.01126844
                0.00000000                  1.82273437                  0.01127027
                0.00000000                  1.83062500                  0.01083090
                0.00000000                  1.83851562                  0.01084149
                0.00000000                  1.84640625                  0.01041018
                0.00000000                  1.85429687                  0.01042919
                0.00000000                  1.86218750                  0.01000562
                0.00000000                  1.87007812                  0.01003275
                0.00000000                  1.87796875                  0.00961661
                0.00000000                  1.88585937                  0.00965155
                0.00000000                  1.89375000                  0.00924254
                0.00000000                  1.90164062                  0.00928500
                0.00000000                  1.90953125                  0.00888285
                0.00000000                  1.91742187                  0.00893255
                0.00000000                  1.92531250                  0.00853698
                0.00000000                  1.93320312                  0.00859366
                0.00000000                  1.94109375                  0.00820439
                0.00000000                  1.94898437                  0.00826779
                0.00000000                  1.95687500                  0.00788459
                0.00000000                  1.96476562                  0.00795446
                0.00000000                  1.97265625                  0.00757707
                0.00000000                  1.98054687                  0.00765317
                0.00000000                  1.98843750                  0.00728137
                0.00000000                  1.99632812                  0.00736347
                0.00000000                  2.00421875                  0.00699702
                0.00000000                  2.01210937                  0.00708491
                0.00000000                  2.02000000                  0.00672360
                0.00000000                  2.02789062                  0.00681706
                0.00000000                  2.03578125                  0.00646069
                0.00000000                  2.04367187                  0.00655952
                0.00000000                  2.05156250                  0.00620787
                0.00000000                  2.05945312                  0.00631188
                0.00000000                  2.06734375                  0.00596477
                0.00000000                  2.07523437                  0.00607376
                0.00000000                  2.08312500                  0.00573101
                0.00000000                  2.09101562                  0.00584480
                0.00000000                  2.09890625                  0.00550623
                0.00000000                  2.10679687                  0.00562464
                0.00000000                  2.11468750                  0.00529008
                0.00000000                  2.12257812                  0.00541296
                0.00000000                  2.13046875                  0.00508223
                0.00000000                  2.13835937                  0.00520941
                0.00000000                  2.14625000                  0.00488237
                0.00000000                  2.15414062                  0.00501370
                0.00000000                  2.16203125                  0.00469018
                0.00000000                  2.16992187                  0.00482551
                0.00000000                  2.17781250                  0.00450538
                0.00000000                  2.18570312                  0.00464456
                0.00000000                  2.19359375                  0.00432767
                0.00000000                  2.20148437                  0.00447057
                0.00000000                  2.20937500                  0.00415679
                0.00000000                  2.21726562                  0.00430328
                0.00000000                  2.22515625                  0.00399247
                0.00000000                  2.23304687                  0.00414242
                0.00000000                  2.24093750                  0.00383447
                0.00000000                  2.24882812                  0.00398774
                0.00000000                  2.25671875                  0.00368253
                0.00000000                  2.26460937                  0.00383902
                0.00000000                  2.27250000                  0.00353642
                0.00000000                  2.28039062                  0.00369602
                0.00000000                  2.28828125                  0.00339593
                0.00000000                  2.29617187                  0.00355853
                0.00000000                  2.30406250                  0.00326083
                0.00000000                  2.31195312                  0.00342632
                0.00000000                  2.31984375                  0.00313091
                0.00000000                  2.32773437                  0.00329920
                0.00000000                  2.33562500                  0.00300599
                0.00000000                  2.34351562                  0.00317697
                0.00000000                  2.35140625                  0.00288586
                0.00000000                  2.35929687                  0.00305945
                0.00000000                  2.36718750                  0.00277035
                0.00000000                  2.37507812                  0.00294645
                0.00000000                  2.38296875                  0.00265926
                0.00000000                  2.39085937                  0.00283779
                0.00000000                  2.39875000                  0.00255245
                0.00000000                  2.40664062                  0.00273332
                0.00000000                  2.41453125                  0.00244973
                0.00000000                  2.42242187                  0.00263287
                0.00000000                  2.43031250                  0.00235096
                0.00000000                  2.43820312                  0.00253629
                0.00000000                  2.44609375                  0.00225597
                0.00000000                  2.45398437                  0.00244342
                0.00000000                  2.46187500                  0.00216464
                0.00000000                  2.46976562                  0.00235413
                0.00000000                  2.47765625                  0.00207680
                0.00000000                  2.48554687                  0.00226828
                0.00000000                  2.49343750                  0.00199234
                0.00000000                  2.50132812                  0.00218573
                0.00000000                  2.50921875                  0.00191112
                0.00000000                  2.51710937                  0.00210636
                0.00000000                  2.52500000                  0.00183302
                0.00000000                  2.53289062                  0.00203005
                0.00000000                  2.54078125                  0.00175791
                0.00000000                  2.54867187                  0.00195667
                0.00000000                  2.55656250                  0.00168568
                0.00000000                  2.56445312                  0.00188613
                0.00000000                  2.57234375                  0.00161623
                0.00000000                  2.58023437                  0.00181830
                0.00000000                  2.58812500                  0.00154943
                0.00000000                  2.59601562                  0.00175308
                0.00000000                  2.60390625                  0.00148520
                0.00000000                  2.61179687                  0.00169037
                0.00000000                  2.61968750                  0.00142344
                0.00000000                  2.62757812                  0.00163008
                0.00000000                  2.63546875                  0.00136404
                0.00000000                  2.64335937                  0.00157211
                0.00000000                  2.65125000                  0.00130692
                0.00000000                  2.65914062                  0.00151638
                0.00000000                  2.66703125                  0.00125199
                0.00000000                  2.67492187                  0.00146279
                0.00000000                  2.68281250                  0.00119916
                0.00000000                  2.69070312                  0.00141127
                0.00000000                  2.69859375                  0.00114836
                0.00000000                  2.70648437                  0.00136174
                0.00000000                  2.71437500                  0.00109951
                0.00000000                  2.72226562                  0.00131411
                0.00000000                  2.73015625                  0.00105253
                0.00000000                  2.73804687                  0.00126832
                0.00000000                  2.74593750                  0.00100735
                0.00000000                  2.75382812                  0.00122430
                0.00000000                  2.76171875                  0.00096390
                0.00000000                  2.76960937                  0.00118197
                0.00000000                  2.77750000                  0.00092211
                0.00000000                  2.78539062                  0.00114128
                0.00000000                  2.79328125                  0.00088193
                0.00000000                  2.80117187                  0.00110216
                0.00000000                  2.80906250                  0.00084328
                0.00000000                  2.81695312                  0.00106454
                0.00000000                  2.82484375                  0.00080612
                0.00000000                  2.83273437                  0.00102838
                0.00000000                  2.84062500                  0.00077037
                0.00000000                  2.84851562                  0.00099361
                0.00000000                  2.85640625                  0.00073600
                0.00000000                  2.86429687                  0.00096019
                0.00000000                  2.87218750                  0.00070294
                0.00000000                  2.88007812                  0.00092805
                0.00000000                  2.88796875                  0.00067115
                0.00000000                  2.89585937                  0.00089716
                0.00000000                  2.90375000                  0.00064057
                0.00000000                  2.91164062                  0.00086746
                0.00000000                  2.91953125                  0.00061116
                0.00000000                  2.92742187                  0.00083891
                0.00000000                  2.93531250                  0.00058288
                0.00000000                  2.94320312                  0.00081146
                0.00000000                  2.95109375                  0.00055568
                0.00000000                  2.95898437                  0.00078507
                0.00000000                  2.96687500                  0.00052951
                0.00000000                  2.97476562                  0.00075970
                0.00000000                  2.98265625                  0.00050435
                0.00000000                  2.99054687                  0.00073531
                0.00000000                  2.99843750                  0.00048015
                0.00000000                  3.00632812                  0.00071186
                0.00000000                  3.01421875                  0.00045687
                0.00000000                  3.02210937                  0.00068932
                0.00000000                  3.03000000                  0.00043449
                0.00000000                  3.03789062                  0.00066766
                0.00000000                  3.04578125                  0.00041295
                0.00000000                  3.05367187                  0.00064683
                0.00000000                  3.06156250                  0.00039224
                0.00000000                  3.06945312                  0.00062681
                0.00000000                  3.07734375                  0.00037232
                0.00000000                  3.08523437                  0.00060756
                0.00000000                  3.09312500                  0.00035316
                0.00000000                  3.10101562                  0.00058906
                0.00000000                  3.10890625                  0.00033473
                0.00000000                  3.11679687                  0.00057128
                0.00000000                  3.12468750                  0.00031701
                0.00000000                  3.13257812                  0.00055418
                0.00000000                  3.14046875                  0.00029996
                0.00000000                  3.14835937                  0.00053775
                0.00000000                  3.15625000                  0.00028355
                0.00000000                  3.16414062                  0.00052196
                0.00000000                  3.17203125                  0.00026778
                0.00000000                  3.17992187                  0.00050678
                0.00000000                  3.18781250                  0.00025260
                0.00000000                  3.19570312                  0.00049218
                0.00000000                  3.20359375                  0.00023800
                0.00000000                  3.21148437                  0.00047816
                0.00000000                  3.21937500                  0.00022396
                0.00000000                  3.22726562                  0.00046468
                0.00000000                  3.23515625                  0.00021045
                0.00000000                  3.24304687                  0.00045172
                0.00000000                  3.25093750                  0.00019745
                0.00000000                  3.25882812                  0.00043927
                0.00000000                  3.26671875                  0.00018495
                0.00000000                  3.27460937                  0.00042730
                0.00000000                  3.28250000                  0.00017292
                0.00000000                  3.29039062                  0.00041580
                0.00000000                  3.29828125                  0.00016135
                0.00000000                  3.30617187                  0.00040474
                0.00000000                  3.31406250                  0.00015022
                0.00000000                  3.32195312                  0.00039412
                0.00000000                  3.32984375                  0.00013951
                0.00000000                  3.33773437                  0.00038391
                0.00000000                  3.34562500                  0.00012920
                0.00000000                  3.35351562                  0.00037410
                0.00000000                  3.36140625                  0.00011929
                0.00000000                  3.36929687                  0.00036467
                0.00000000                  3.37718750                  0.00010975
                0.00000000                  3.38507812                  0.00035561
                0.00000000                  3.39296875                  0.00010057
                0.00000000                  3.40085937                  0.00034690
                0.00000000                  3.40875000                  0.00009174
                0.00000000                  3.41664062                  0.00033854
                0.00000000                  3.42453125                  0.00008324
                0.00000000                  3.43242187                  0.00033050
                0.00000000                  3.44031250                  0.00007507
                0.00000000                  3.44820312                  0.00032278
                0.00000000                  3.45609375                  0.00006720
                0.00000000                  3.46398437                  0.00031536
                0.00000000                  3.47187500                  0.00005962
                0.00000000                  3.47976562                  0.00030823
                0.00000000                  3.48765625                  0.00005234
                0.00000000                  3.49554687                  0.00030138
                0.00000000                  3.50343750                  0.00004532
                0.00000000                  3.51132812                  0.00029480
                0.00000000                  3.51921875                  0.00003858
                0.00000000                  3.52710937                  0.00028848
                0.00000000                  3.53500000                  0.00003208
                0.00000000                  3.54289062                  0.00028241
                0.00000000                  3.55078125                  0.00002583
                0.00000000                  3.55867187                  0.00027657
                0.00000000                  3.56656250                  0.00001981
                0.00000000                  3.57445312                  0.00027097
                0.00000000                  3.58234375                  0.00001402
                0.00000000                  3.59023437                  0.00026559
                0.00000000                  3.59812500                  0.00000844
                0.00000000                  3.60601562                  0.00026042
                0.00000000                  3.61390625                  0.00000307
                0.00000000                  3.62179687                  0.00025546
                0.00000000                  3.62968750                  0.00000209
                0.00000000                  3.63757812                  0.00025069
                0.00000000                  3.64546875                  0.00000707
                0.00000000                  3.65335937                  0.00024611
                0.00000000                  3.66125000                  0.00001186
                0.00000000                  3.66914062                  0.00024171
                0.00000000                  3.67703125                  0.00001647
                0.00000000                  3.68492187                  0.00023749
                0.00000000                  3.69281250                  0.00002091
                0.00000000                  3.70070312                  0.00023344
                0.00000000                  3.70859375                  0.00002518
                0.00000000                  3.71648437                  0.00022955
                0.00000000                  3.72437500                  0.00002930
                0.00000000                  3.73226562                  0.00022581
                0.00000000                  3.74015625                  0.00003326
                0.00000000                  3.74804687                  0.00022223
                0.00000000                  3.75593750                  0.00003708
                0.00000000                  3.76382812                  0.00021879
                0.00000000                  3.77171875                  0.00004076
                0.00000000                  3.77960938                  0.00021548
                0.00000000                  3.78750000                  0.00004430
                0.00000000                  3.79539063                  0.00021231
                0.00000000                  3.80328125                  0.00004771
                0.00000000                  3.81117188                  0.00020927
                0.00000000                  3.81906250                  0.00005100
                0.00000000                  3.82695313                  0.00020635
                0.00000000                  3.83484375                  0.00005417
                0.00000000                  3.84273438                  0.00020355
                0.00000000                  3.85062500                  0.00005722
                0.00000000                  3.85851563                  0.00020086
                0.00000000                  3.86640625                  0.00006016
                0.00000000                  3.87429688                  0.00019828
                0.00000000                  3.88218750                  0.00006299
                0.00000000                  3.89007813                  0.00019581
                0.00000000                  3.89796875                  0.00006572
                0.00000000                  3.90585938                  0.00019344
                0.00000000                  3.91375000                  0.00006835
                0.00000000                  3.92164063                  0.00019117
                0.00000000                  3.92953125                  0.00007089
                0.00000000                  3.93742188                  0.00018898
                0.00000000                  3.94531250                  0.00007334
                0.00000000                  3.95320313                  0.00018689
                0.00000000                  3.96109375                  0.00007569
                0.00000000                  3.96898438                  0.00018489
                0.00000000                  3.97687500                  0.00007797
                0.00000000                  3.98476563                  0.00018297
                0.00000000                  3.99265625                  0.00008016
                0.00000000                  4.00054688                  0.00018113
                0.00000000                  4.00843750                  0.00008227
                0.00000000                  4.01632813                  0.00017936
                0.00000000                  4.02421875                  0.00008431
                0.00000000                  4.03210938                  0.00017767
                0.00000000                  4.04000000                  0.00008628
                0.00000000                  4.04789063                  0.00017605
                0.00000000                  4.05578125                  0.00008817
                0.00000000                  4.06367188                  0.00017450
                0.00000000                  4.07156250                  0.00009000
                0.00000000                  4.07945313                  0.00017302
                0.00000000                  4.08734375                  0.00009177
                0.00000000                  4.09523438                  0.00017160
                0.00000000                  4.10312500                  0.00009347
                0.00000000                  4.11101563                  0.00017023
                0.00000000                  4.11890625                  0.00009512
                0.00000000                  4.12679688                  0.00016893
                0.00000000                  4.13468750                  0.00009671
                0.00000000                  4.14257813                  0.00016769
                0.00000000                  4.15046875                  0.00009824
                0.00000000                  4.15835938                  0.00016649
                0.00000000                  4.16625000                  0.00009972
                0.00000000                  4.17414063                  0.00016535
                0.00000000                  4.18203125                  0.00010115
                0.00000000                  4.18992188                  0.00016426
                0.00000000                  4.19781250                  0.00010253
                0.00000000                  4.20570313                  0.00016322
                0.00000000                  4.21359375                  0.00010387
                0.00000000                  4.22148438                  0.00016223
                0.00000000                  4.22937500                  0.00010515
                0.00000000                  4.23726563                  0.00016128
                0.00000000                  4.24515625                  0.00010640
                0.00000000                  4.25304688                  0.00016037
                0.00000000                  4.26093750                  0.00010761
                0.00000000                  4.26882813                  0.00015950
                0.00000000                  4.27671875                  0.00010877
                0.00000000                  4.28460938                  0.00015867
                0.00000000                  4.29250000                  0.00010990
                0.00000000                  4.30039063                  0.00015788
                0.00000000                  4.30828125                  0.00011098
                0.00000000                  4.31617188                  0.00015713
                0.00000000                  4.32406250                  0.00011204
                0.00000000                  4.33195313                  0.00015642
                0.00000000                  4.33984375                  0.00011306
                0.00000000                  4.34773438                  0.00015573
                0.00000000                  4.35562500                  0.00011404
                0.00000000                  4.36351563                  0.00015508
                0.00000000                  4.37140625                  0.00011500
                0.00000000                  4.37929688                  0.00015446
                0.00000000                  4.38718750                  0.00011592
                0.00000000                  4.39507813                  0.00015387
                0.00000000                  4.40296875                  0.00011682
                0.00000000                  4.41085938                  0.00015331
                0.00000000                  4.41875000                  0.00011768
                0.00000000                  4.42664063                  0.00015278
                0.00000000                  4.43453125                  0.00011852
                0.00000000                  4.44242188                  0.00015227
                0.00000000                  4.45031250                  0.00011934
                0.00000000                  4.45820313                  0.00015179
                0.00000000                  4.46609375                  0.00012013
                0.00000000                  4.47398438                  0.00015134
                0.00000000                  4.48187500                  0.00012089
                0.00000000                  4.48976563                  0.00015091
                0.00000000                  4.49765625                  0.00012164
                0.00000000                  4.50554688                  0.00015050
                0.00000000                  4.51343750                  0.00012236
                0.00000000                  4.52132813                  0.00015011
                0.00000000                  4.52921875                  0.00012305
                0.00000000                  4.53710938                  0.00014975
                0.00000000                  4.54500000                  0.00012373
                0.00000000                  4.55289063                  0.00014940
                0.00000000                  4.56078125                  0.00012439
                0.00000000                  4.56867188                  0.00014908
                0.00000000                  4.57656250                  0.00012503
                0.00000000                  4.58445313                  0.00014877
                0.00000000                  4.59234375                  0.00012565
                0.00000000                  4.60023438                  0.00014849
                0.00000000                  4.60812500                  0.00012626
                0.00000000                  4.61601563                  0.00014822
                0.00000000                  4.62390625                  0.00012685
                0.00000000                  4.63179688                  0.00014796
                0.00000000                  4.63968750                  0.00012742
                0.00000000                  4.64757813                  0.00014773
                0.00000000                  4.65546875                  0.00012797
                0.00000000                  4.66335938                  0.00014750
                0.00000000                  4.67125000                  0.00012851
                0.00000000                  4.67914063                  0.00014730
                0.00000000                  4.68703125                  0.00012904
                0.00000000                  4.69492188                  0.00014711
                0.00000000                  4.70281250                  0.00012955
                0.00000000                  4.71070313                  0.00014693
                0.00000000                  4.71859375                  0.00013005
                0.00000000                  4.72648438                  0.00014676
                0.00000000                  4.73437500                  0.00013054
                0.00000000                  4.74226563                  0.00014661
                0.00000000                  4.75015625                  0.00013101
                0.00000000                  4.75804688                  0.00014647
                0.00000000                  4.76593750                  0.00013148
                0.00000000                  4.77382813                  0.00014634
                0.00000000                  4.78171875                  0.00013193
                0.00000000                  4.78960938                  0.00014623
                0.00000000                  4.79750000                  0.00013237
                0.00000000                  4.80539063                  0.00014612
                0.00000000                  4.81328125                  0.00013280
                0.00000000                  4.82117188                  0.00014603
                0.00000000                  4.82906250                  0.00013322
                0.00000000                  4.83695313                  0.00014594
                0.00000000                  4.84484375                  0.00013363
                0.00000000                  4.85273438                  0.00014587
                0.00000000                  4.86062500                  0.00013403
                0.00000000                  4.86851563                  0.00014580
                0.00000000                  4.87640625                  0.00013443
                0.00000000                  4.88429688                  0.00014575
                0.00000000                  4.89218750                  0.00013481
                0.00000000                  4.90007813                  0.00014570
                0.00000000                  4.90796875                  0.00013519
                0.00000000                  4.91585938                  0.00014566
                0.00000000                  4.92375000                  0.00013556
                0.00000000                  4.93164063                  0.00014563
                0.00000000                  4.93953125                  0.00013592
                0.00000000                  4.94742188                  0.00014560
                0.00000000                  4.95531250                  0.00013627
                0.00000000                  4.96320313                  0.00014559
                0.00000000                  4.97109375                  0.00013662
                0.00000000                  4.97898438                  0.00014558
                0.00000000                  4.98687500                  0.00013696
                0.00000000                  4.99476563                  0.00014558
