                0.00000000                  0.00781250                  0.00001638
                0.00000000                  0.01562500                  0.99304013
                0.00000000                  0.02343750                  0.97408597
                0.00000000                  0.03125000                  0.95547919
                0.00000000                  0.03906250                  0.93721301
                0.00000000                  0.04687500                  0.91927858
                0.00000000                  0.05468750                  0.90165629
                0.00000000                  0.06250000                  0.88431834
                0.00000000                  0.07031250                  0.86735522
                0.00000000                  0.07812500                  0.85061295
                0.00000000                  0.08593750                  0.83430551
                0.00000000                  0.09375000                  0.81816136
                0.00000000                  0.10156250                  0.80249191
                0.00000000                  0.10937500                  0.78694034
                0.00000000                  0.11718750                  0.77188517
                0.00000000                  0.12500000                  0.75691412
                0.00000000                  0.13281250                  0.74244787
                0.00000000                  0.14062500                  0.72804129
                0.00000000                  0.14843750                  0.71413886
                0.00000000                  0.15625000                  0.70027864
                0.00000000                  0.16406250                  0.68691595
                0.00000000                  0.17187500                  0.67358308
                0.00000000                  0.17968750                  0.66073730
                0.00000000                  0.18750000                  0.64791257
                0.00000000                  0.19531250                  0.63556215
                0.00000000                  0.20312500                  0.62322657
                0.00000000                  0.21093750                  0.61135114
                0.00000000                  0.21875000                  0.59948618
                0.00000000                  0.22656250                  0.58806646
                0.00000000                  0.23437500                  0.57665414
                0.00000000                  0.24218750                  0.56567188
                0.00000000                  0.25000000                  0.55469484
                0.00000000                  0.25781250                  0.54413268
                0.00000000                  0.26562500                  0.53357420
                0.00000000                  0.27343750                  0.52341562
                0.00000000                  0.28125000                  0.51325963
                0.00000000                  0.28906250                  0.50348887
                0.00000000                  0.29687500                  0.49371993
                0.00000000                  0.30468750                  0.48432190
                0.00000000                  0.31250000                  0.47492517
                0.00000000                  0.32031250                  0.46588548
                0.00000000                  0.32812500                  0.45684670
                0.00000000                  0.33593750                  0.44815153
                0.00000000                  0.34375000                  0.43945700
                0.00000000                  0.35156250                  0.43109312
                0.00000000                  0.35937500                  0.42272970
                0.00000000                  0.36718750                  0.41468440
                0.00000000                  0.37500000                  0.40663943
                0.00000000                  0.38281250                  0.39890052
                0.00000000                  0.39062500                  0.39116184
                0.00000000                  0.39843750                  0.38371762
                0.00000000                  0.40625000                  0.37627355
                0.00000000                  0.41406250                  0.36911276
                0.00000000                  0.42187500                  0.36195207
                0.00000000                  0.42968750                  0.35506389
                0.00000000                  0.43750000                  0.34817579
                0.00000000                  0.44531250                  0.34154982
                0.00000000                  0.45312500                  0.33492391
                0.00000000                  0.46093750                  0.32855017
                0.00000000                  0.46875000                  0.32217647
                0.00000000                  0.47656250                  0.31604534
                0.00000000                  0.48437500                  0.30991424
                0.00000000                  0.49218750                  0.30401648
                0.00000000                  0.50000000                  0.29811874
                0.00000000                  0.50781250                  0.29244547
                0.00000000                  0.51562500                  0.28677221
                0.00000000                  0.52343750                  0.28131488
                0.00000000                  0.53125000                  0.27585755
                0.00000000                  0.53906250                  0.27060793
                0.00000000                  0.54687500                  0.26535832
                0.00000000                  0.55468750                  0.26030850
                0.00000000                  0.56250000                  0.25525869
                0.00000000                  0.57031250                  0.25040108
                0.00000000                  0.57812500                  0.24554347
                0.00000000                  0.58593750                  0.24087074
                0.00000000                  0.59375000                  0.23619802
                0.00000000                  0.60156250                  0.23170314
                0.00000000                  0.60937500                  0.22720826
                0.00000000                  0.61718750                  0.22288445
                0.00000000                  0.62500000                  0.21856065
                0.00000000                  0.63281250                  0.21440141
                0.00000000                  0.64062500                  0.21024218
                0.00000000                  0.64843750                  0.20624124
                0.00000000                  0.65625000                  0.20224031
                0.00000000                  0.66406250                  0.19839165
                0.00000000                  0.67187500                  0.19454299
                0.00000000                  0.67968750                  0.19084082
                0.00000000                  0.68750000                  0.18713864
                0.00000000                  0.69531250                  0.18357737
                0.00000000                  0.70312500                  0.18001610
                0.00000000                  0.71093750                  0.17659037
                0.00000000                  0.71875000                  0.17316464
                0.00000000                  0.72656250                  0.16986930
                0.00000000                  0.73437500                  0.16657395
                0.00000000                  0.74218750                  0.16340403
                0.00000000                  0.75000000                  0.16023411
                0.00000000                  0.75781250                  0.15718484
                0.00000000                  0.76562500                  0.15413556
                0.00000000                  0.77343750                  0.15120234
                0.00000000                  0.78125000                  0.14826913
                0.00000000                  0.78906250                  0.14544755
                0.00000000                  0.79687500                  0.14262597
                0.00000000                  0.80468750                  0.13991178
                0.00000000                  0.81250000                  0.13719759
                0.00000000                  0.82031250                  0.13458670
                0.00000000                  0.82812500                  0.13197582
                0.00000000                  0.83593750                  0.12946430
                0.00000000                  0.84375000                  0.12695279
                0.00000000                  0.85156250                  0.12453686
                0.00000000                  0.85937500                  0.12212094
                0.00000000                  0.86718750                  0.11979696
                0.00000000                  0.87500000                  0.11747298
                0.00000000                  0.88281250                  0.11523746
                0.00000000                  0.89062500                  0.11300193
                0.00000000                  0.89843750                  0.11085149
                0.00000000                  0.90625000                  0.10870105
                0.00000000                  0.91406250                  0.10663246
                0.00000000                  0.92187500                  0.10456387
                0.00000000                  0.92968750                  0.10257400
                0.00000000                  0.93750000                  0.10058414
                0.00000000                  0.94531250                  0.09867001
                0.00000000                  0.95312500                  0.09675589
                0.00000000                  0.96093750                  0.09491461
                0.00000000                  0.96875000                  0.09307333
                0.00000000                  0.97656250                  0.09130214
                0.00000000                  0.98437500                  0.08953094
                0.00000000                  0.99218750                  0.08782716
                0.00000000                  1.00000000                  0.08612337
                0.00000000                  1.00781250                  0.08448443
                0.00000000                  1.01562500                  0.08284550
                0.00000000                  1.02343750                  0.08126894
                0.00000000                  1.03125000                  0.07969238
                0.00000000                  1.03906250                  0.07817582
                0.00000000                  1.04687500                  0.07665927
                0.00000000                  1.05468750                  0.07520043
                0.00000000                  1.06250000                  0.07374160
                0.00000000                  1.07031250                  0.07233829
                0.00000000                  1.07812500                  0.07093498
                0.00000000                  1.08593750                  0.06958507
                0.00000000                  1.09375000                  0.06823517
                0.00000000                  1.10156250                  0.06693665
                0.00000000                  1.10937500                  0.06563813
                0.00000000                  1.11718750                  0.06438903
                0.00000000                  1.12500000                  0.06313992
                0.00000000                  1.13281250                  0.06193836
                0.00000000                  1.14062500                  0.06073680
                0.00000000                  1.14843750                  0.05958098
                0.00000000                  1.15625000                  0.05842515
                0.00000000                  1.16406250                  0.05731331
                0.00000000                  1.17187500                  0.05620147
                0.00000000                  1.17968750                  0.05513195
                0.00000000                  1.18750000                  0.05406243
                0.00000000                  1.19531250                  0.05303362
                0.00000000                  1.20312500                  0.05200480
                0.00000000                  1.21093750                  0.05101515
                0.00000000                  1.21875000                  0.05002549
                0.00000000                  1.22656250                  0.04907350
                0.00000000                  1.23437500                  0.04812151
                0.00000000                  1.24218750                  0.04720575
                0.00000000                  1.25000000                  0.04628999
                0.00000000                  1.25781250                  0.04540909
                0.00000000                  1.26562500                  0.04452818
                0.00000000                  1.27343750                  0.04368081
                0.00000000                  1.28125000                  0.04283343
                0.00000000                  1.28906250                  0.04201830
                0.00000000                  1.29687500                  0.04120318
                0.00000000                  1.30468750                  0.04041908
                0.00000000                  1.31250000                  0.03963498
                0.00000000                  1.32031250                  0.03888072
                0.00000000                  1.32812500                  0.03812646
                0.00000000                  1.33593750                  0.03740091
                0.00000000                  1.34375000                  0.03667536
                0.00000000                  1.35156250                  0.03597742
                0.00000000                  1.35937500                  0.03527949
                0.00000000                  1.36718750                  0.03460811
                0.00000000                  1.37500000                  0.03393674
                0.00000000                  1.38281250                  0.03329092
                0.00000000                  1.39062500                  0.03264510
                0.00000000                  1.39843750                  0.03202386
                0.00000000                  1.40625000                  0.03140262
                0.00000000                  1.41406250                  0.03080502
                0.00000000                  1.42187500                  0.03020743
                0.00000000                  1.42968750                  0.02963258
                0.00000000                  1.43750000                  0.02905773
                0.00000000                  1.44531250                  0.02850475
                0.00000000                  1.45312500                  0.02795178
                0.00000000                  1.46093750                  0.02741986
                0.00000000                  1.46875000                  0.02688793
                0.00000000                  1.47656250                  0.02637625
                0.00000000                  1.48437500                  0.02586457
                0.00000000                  1.49218750                  0.02537236
                0.00000000                  1.50000000                  0.02488016
                0.00000000                  1.50781250                  0.02440669
                0.00000000                  1.51562500                  0.02393321
                0.00000000                  1.52343750                  0.02347776
                0.00000000                  1.53125000                  0.02302231
                0.00000000                  1.53906250                  0.02258419
                0.00000000                  1.54687500                  0.02214608
                0.00000000                  1.55468750                  0.02172463
                0.00000000                  1.56250000                  0.02130319
                0.00000000                  1.57031250                  0.02089779
                0.00000000                  1.57812500                  0.02049239
                0.00000000                  1.58593750                  0.02010241
                0.00000000                  1.59375000                  0.01971244
                0.00000000                  1.60156250                  0.01933731
                0.00000000                  1.60937500                  0.01896218
                0.00000000                  1.61718750                  0.01860133
                0.00000000                  1.62500000                  0.01824048
                0.00000000                  1.63281250                  0.01789336
                0.00000000                  1.64062500                  0.01754624
                0.00000000                  1.64843750                  0.01721233
                0.00000000                  1.65625000                  0.01687843
                0.00000000                  1.66406250                  0.01655723
                0.00000000                  1.67187500                  0.01623603
                0.00000000                  1.67968750                  0.01592706
                0.00000000                  1.68750000                  0.01561808
                0.00000000                  1.69531250                  0.01532087
                0.00000000                  1.70312500                  0.01502365
                0.00000000                  1.71093750                  0.01473775
                0.00000000                  1.71875000                  0.01445185
                0.00000000                  1.72656250                  0.01417683
                0.00000000                  1.73437500                  0.01390181
                0.00000000                  1.74218750                  0.01363726
                0.00000000                  1.75000000                  0.01337270
                0.00000000                  1.75781250                  0.01311822
                0.00000000                  1.76562500                  0.01286374
                0.00000000                  1.77343750                  0.01261894
                0.00000000                  1.78125000                  0.01237414
                0.00000000                  1.78906250                  0.01213866
                0.00000000                  1.79687500                  0.01190318
                0.00000000                  1.80468750                  0.01167666
                0.00000000                  1.81250000                  0.01145014
                0.00000000                  1.82031250                  0.01123224
                0.00000000                  1.82812500                  0.01101434
                0.00000000                  1.83593750                  0.01080474
                0.00000000                  1.84375000                  0.01059513
                0.00000000                  1.85156250                  0.01039351
                0.00000000                  1.85937500                  0.01019188
                0.00000000                  1.86718750                  0.00999793
                0.00000000                  1.87500000                  0.00980398
                0.00000000                  1.88281250                  0.00961741
                0.00000000                  1.89062500                  0.00943083
                0.00000000                  1.89843750                  0.00925136
                0.00000000                  1.90625000                  0.00907189
                0.00000000                  1.91406250                  0.00889926
                0.00000000                  1.92187500                  0.00872662
                0.00000000                  1.92968750                  0.00856055
                0.00000000                  1.93750000                  0.00839448
                0.00000000                  1.94531250                  0.00823473
                0.00000000                  1.95312500                  0.00807498
                0.00000000                  1.96093750                  0.00792132
                0.00000000                  1.96875000                  0.00776765
                0.00000000                  1.97656250                  0.00761983
                0.00000000                  1.98437500                  0.00747201
                0.00000000                  1.99218750                  0.00732982
                0.00000000                  2.00000000                  0.00718762
                0.00000000                  2.00781250                  0.00705084
                0.00000000                  2.01562500                  0.00691406
                0.00000000                  2.02343750                  0.00678248
                0.00000000                  2.03125000                  0.00665091
                0.00000000                  2.03906250                  0.00652434
                0.00000000                  2.04687500                  0.00639777
                0.00000000                  2.05468750                  0.00627602
                0.00000000                  2.06250000                  0.00615427
                0.00000000                  2.07031250                  0.00603716
                0.00000000                  2.07812500                  0.00592004
                0.00000000                  2.08593750                  0.00580738
                0.00000000                  2.09375000                  0.00569472
                0.00000000                  2.10156250                  0.00558635
                0.00000000                  2.10937500                  0.00547798
                0.00000000                  2.11718750                  0.00537373
                0.00000000                  2.12500000                  0.00526949
                0.00000000                  2.13281250                  0.00516921
                0.00000000                  2.14062500                  0.00506893
                0.00000000                  2.14843750                  0.00497247
                0.00000000                  2.15625000                  0.00487600
                0.00000000                  2.16406250                  0.00478321
                0.00000000                  2.17187500                  0.00469042
                0.00000000                  2.17968750                  0.00460116
                0.00000000                  2.18750000                  0.00451190
                0.00000000                  2.19531250                  0.00442604
                0.00000000                  2.20312500                  0.00434018
                0.00000000                  2.21093750                  0.00425759
                0.00000000                  2.21875000                  0.00417499
                0.00000000                  2.22656250                  0.00409554
                0.00000000                  2.23437500                  0.00401609
                0.00000000                  2.24218750                  0.00393966
                0.00000000                  2.25000000                  0.00386324
                0.00000000                  2.25781250                  0.00378972
                0.00000000                  2.26562500                  0.00371620
                0.00000000                  2.27343750                  0.00364548
                0.00000000                  2.28125000                  0.00357476
                0.00000000                  2.28906250                  0.00350673
                0.00000000                  2.29687500                  0.00343871
                0.00000000                  2.30468750                  0.00337327
                0.00000000                  2.31250000                  0.00330783
                0.00000000                  2.32031250                  0.00324488
                0.00000000                  2.32812500                  0.00318193
                0.00000000                  2.33593750                  0.00312138
                0.00000000                  2.34375000                  0.00306083
                0.00000000                  2.35156250                  0.00300258
                0.00000000                  2.35937500                  0.00294433
                0.00000000                  2.36718750                  0.00288830
                0.00000000                  2.37500000                  0.00283227
                0.00000000                  2.38281250                  0.00277837
                0.00000000                  2.39062500                  0.00272447
                0.00000000                  2.39843750                  0.00267262
                0.00000000                  2.40625000                  0.00262078
                0.00000000                  2.41406250                  0.00257090
                0.00000000                  2.42187500                  0.00252103
                0.00000000                  2.42968750                  0.00247305
                0.00000000                  2.43750000                  0.00242508
                0.00000000                  2.44531250                  0.00237893
                0.00000000                  2.45312500                  0.00233278
                0.00000000                  2.46093750                  0.00228839
                0.00000000                  2.46875000                  0.00224399
                0.00000000                  2.47656250                  0.00220129
                0.00000000                  2.48437500                  0.00215859
                0.00000000                  2.49218750                  0.00211751
                0.00000000                  2.50000000                  0.00207643
                0.00000000                  2.50781250                  0.00203692
                0.00000000                  2.51562500                  0.00199740
                0.00000000                  2.52343750                  0.00195939
                0.00000000                  2.53125000                  0.00192138
                0.00000000                  2.53906250                  0.00188482
                0.00000000                  2.54687500                  0.00184825
                0.00000000                  2.55468750                  0.00181308
                0.00000000                  2.56250000                  0.00177791
                0.00000000                  2.57031250                  0.00174407
                0.00000000                  2.57812500                  0.00171024
                0.00000000                  2.58593750                  0.00167769
                0.00000000                  2.59375000                  0.00164515
                0.00000000                  2.60156250                  0.00161384
                0.00000000                  2.60937500                  0.00158253
                0.00000000                  2.61718750                  0.00155242
                0.00000000                  2.62500000                  0.00152230
                0.00000000                  2.63281250                  0.00149333
                0.00000000                  2.64062500                  0.00146436
                0.00000000                  2.64843750                  0.00143649
                0.00000000                  2.65625000                  0.00140863
                0.00000000                  2.66406250                  0.00138182
                0.00000000                  2.67187500                  0.00135501
                0.00000000                  2.67968750                  0.00132923
                0.00000000                  2.68750000                  0.00130344
                0.00000000                  2.69531250                  0.00127864
                0.00000000                  2.70312500                  0.00125383
                0.00000000                  2.71093750                  0.00122997
                0.00000000                  2.71875000                  0.00120611
                0.00000000                  2.72656250                  0.00118316
                0.00000000                  2.73437500                  0.00116021
                0.00000000                  2.74218750                  0.00113813
                0.00000000                  2.75000000                  0.00111605
                0.00000000                  2.75781250                  0.00109481
                0.00000000                  2.76562500                  0.00107357
                0.00000000                  2.77343750                  0.00105314
                0.00000000                  2.78125000                  0.00103271
                0.00000000                  2.78906250                  0.00101306
                0.00000000                  2.79687500                  0.00099341
                0.00000000                  2.80468750                  0.00097450
                0.00000000                  2.81250000                  0.00095560
                0.00000000                  2.82031250                  0.00093741
                0.00000000                  2.82812500                  0.00091923
                0.00000000                  2.83593750                  0.00090173
                0.00000000                  2.84375000                  0.00088424
                0.00000000                  2.85156250                  0.00086741
                0.00000000                  2.85937500                  0.00085059
                0.00000000                  2.86718750                  0.00083440
                0.00000000                  2.87500000                  0.00081821
                0.00000000                  2.88281250                  0.00080264
                0.00000000                  2.89062500                  0.00078707
                0.00000000                  2.89843750                  0.00077209
                0.00000000                  2.90625000                  0.00075712
                0.00000000                  2.91406250                  0.00074271
                0.00000000                  2.92187500                  0.00072830
                0.00000000                  2.92968750                  0.00071444
                0.00000000                  2.93750000                  0.00070058
                0.00000000                  2.94531250                  0.00068725
                0.00000000                  2.95312500                  0.00067392
                0.00000000                  2.96093750                  0.00066109
                0.00000000                  2.96875000                  0.00064827
                0.00000000                  2.97656250                  0.00063593
                0.00000000                  2.98437500                  0.00062359
                0.00000000                  2.99218750                  0.00061173
                0.00000000                  3.00000000                  0.00059986
                0.00000000                  3.00781250                  0.00058844
                0.00000000                  3.01562500                  0.00057703
                0.00000000                  3.02343750                  0.00056605
                0.00000000                  3.03125000                  0.00055507
                0.00000000                  3.03906250                  0.00054450
                0.00000000                  3.04687500                  0.00053394
                0.00000000                  3.05468750                  0.00052378
                0.00000000                  3.06250000                  0.00051362
                0.00000000                  3.07031250                  0.00050384
                0.00000000                  3.07812500                  0.00049407
                0.00000000                  3.08593750                  0.00048467
                0.00000000                  3.09375000                  0.00047527
                0.00000000                  3.10156250                  0.00046622
                0.00000000                  3.10937500                  0.00045718
                0.00000000                  3.11718750                  0.00044848
                0.00000000                  3.12500000                  0.00043978
                0.00000000                  3.13281250                  0.00043141
                0.00000000                  3.14062500                  0.00042304
                0.00000000                  3.14843750                  0.00041499
                0.00000000                  3.15625000                  0.00040694
                0.00000000                  3.16406250                  0.00039919
                0.00000000                  3.17187500                  0.00039145
                0.00000000                  3.17968750                  0.00038400
                0.00000000                  3.18750000                  0.00037655
                0.00000000                  3.19531250                  0.00036939
                0.00000000                  3.20312500                  0.00036222
                0.00000000                  3.21093750                  0.00035533
                0.00000000                  3.21875000                  0.00034843
                0.00000000                  3.22656250                  0.00034180
                0.00000000                  3.23437500                  0.00033517
                0.00000000                  3.24218750                  0.00032879
                0.00000000                  3.25000000                  0.00032242
                0.00000000                  3.25781250                  0.00031628
                0.00000000                  3.26562500                  0.00031014
                0.00000000                  3.27343750                  0.00030424
                0.00000000                  3.28125000                  0.00029834
                0.00000000                  3.28906250                  0.00029266
                0.00000000                  3.29687500                  0.00028698
                0.00000000                  3.30468750                  0.00028152
                0.00000000                  3.31250000                  0.00027606
                0.00000000                  3.32031250                  0.00027081
                0.00000000                  3.32812500                  0.00026556
                0.00000000                  3.33593750                  0.00026050
                0.00000000                  3.34375000                  0.00025545
                0.00000000                  3.35156250                  0.00025059
                0.00000000                  3.35937500                  0.00024573
                0.00000000                  3.36718750                  0.00024105
                0.00000000                  3.37500000                  0.00023637
                0.00000000                  3.38281250                  0.00023188
                0.00000000                  3.39062500                  0.00022738
                0.00000000                  3.39843750                  0.00022305
                0.00000000                  3.40625000                  0.00021872
                0.00000000                  3.41406250                  0.00021456
                0.00000000                  3.42187500                  0.00021040
                0.00000000                  3.42968750                  0.00020639
                0.00000000                  3.43750000                  0.00020239
                0.00000000                  3.44531250                  0.00019854
                0.00000000                  3.45312500                  0.00019469
                0.00000000                  3.46093750                  0.00019098
                0.00000000                  3.46875000                  0.00018728
                0.00000000                  3.47656250                  0.00018371
                0.00000000                  3.48437500                  0.00018015
                0.00000000                  3.49218750                  0.00017672
                0.00000000                  3.50000000                  0.00017329
                0.00000000                  3.50781250                  0.00017000
                0.00000000                  3.51562500                  0.00016670
                0.00000000                  3.52343750                  0.00016353
                0.00000000                  3.53125000                  0.00016035
                0.00000000                  3.53906250                  0.00015730
                0.00000000                  3.54687500                  0.00015425
                0.00000000                  3.55468750                  0.00015131
                0.00000000                  3.56250000                  0.00014838
                0.00000000                  3.57031250                  0.00014556
                0.00000000                  3.57812500                  0.00014273
                0.00000000                  3.58593750                  0.00014002
                0.00000000                  3.59375000                  0.00013730
                0.00000000                  3.60156250                  0.00013469
                0.00000000                  3.60937500                  0.00013207
                0.00000000                  3.61718750                  0.00012956
                0.00000000                  3.62500000                  0.00012705
                0.00000000                  3.63281250                  0.00012463
                0.00000000                  3.64062500                  0.00012221
                0.00000000                  3.64843750                  0.00011989
                0.00000000                  3.65625000                  0.00011756
                0.00000000                  3.66406250                  0.00011532
                0.00000000                  3.67187500                  0.00011309
                0.00000000                  3.67968750                  0.00011093
                0.00000000                  3.68750000                  0.00010878
                0.00000000                  3.69531250                  0.00010671
                0.00000000                  3.70312500                  0.00010464
                0.00000000                  3.71093750                  0.00010265
                0.00000000                  3.71875000                  0.00010066
                0.00000000                  3.72656250                  0.00009874
                0.00000000                  3.73437500                  0.00009683
                0.00000000                  3.74218750                  0.00009499
                0.00000000                  3.75000000                  0.00009314
                0.00000000                  3.75781250                  0.00009137
                0.00000000                  3.76562500                  0.00008960
                0.00000000                  3.77343750                  0.00008789
                0.00000000                  3.78125000                  0.00008619
                0.00000000                  3.78906250                  0.00008455
                0.00000000                  3.79687500                  0.00008291
                0.00000000                  3.80468750                  0.00008133
                0.00000000                  3.81250000                  0.00007975
                0.00000000                  3.82031250                  0.00007823
                0.00000000                  3.82812500                  0.00007672
                0.00000000                  3.83593750                  0.00007526
                0.00000000                  3.84375000                  0.00007380
                0.00000000                  3.85156250                  0.00007239
                0.00000000                  3.85937500                  0.00007099
                0.00000000                  3.86718750                  0.00006964
                0.00000000                  3.87500000                  0.00006829
                0.00000000                  3.88281250                  0.00006699
                0.00000000                  3.89062500                  0.00006569
                0.00000000                  3.89843750                  0.00006444
                0.00000000                  3.90625000                  0.00006319
                0.00000000                  3.91406250                  0.00006198
                0.00000000                  3.92187500                  0.00006078
                0.00000000                  3.92968750                  0.00005963
                0.00000000                  3.93750000                  0.00005847
                0.00000000                  3.94531250                  0.00005736
                0.00000000                  3.95312500                  0.00005624
                0.00000000                  3.96093750                  0.00005517
                0.00000000                  3.96875000                  0.00005410
                0.00000000                  3.97656250                  0.00005307
                0.00000000                  3.98437500                  0.00005204
                0.00000000                  3.99218750                  0.00005105
                0.00000000                  4.00000000                  0.00005006
                0.00000000                  4.00781250                  0.00004911
                0.00000000                  4.01562500                  0.00004816
                0.00000000                  4.02343750                  0.00004724
                0.00000000                  4.03125000                  0.00004632
                0.00000000                  4.03906250                  0.00004544
                0.00000000                  4.04687500                  0.00004456
                0.00000000                  4.05468750                  0.00004371
                0.00000000                  4.06250000                  0.00004287
                0.00000000                  4.07031250                  0.00004205
                0.00000000                  4.07812500                  0.00004123
                0.00000000                  4.08593750                  0.00004045
                0.00000000                  4.09375000                  0.00003966
                0.00000000                  4.10156250                  0.00003891
                0.00000000                  4.10937500                  0.00003815
                0.00000000                  4.11718750                  0.00003743
                0.00000000                  4.12500000                  0.00003670
                0.00000000                  4.13281250                  0.00003600
                0.00000000                  4.14062500                  0.00003531
                0.00000000                  4.14843750                  0.00003463
                0.00000000                  4.15625000                  0.00003396
                0.00000000                  4.16406250                  0.00003332
                0.00000000                  4.17187500                  0.00003267
                0.00000000                  4.17968750                  0.00003205
                0.00000000                  4.18750000                  0.00003143
                0.00000000                  4.19531250                  0.00003083
                0.00000000                  4.20312500                  0.00003023
                0.00000000                  4.21093750                  0.00002965
                0.00000000                  4.21875000                  0.00002908
                0.00000000                  4.22656250                  0.00002853
                0.00000000                  4.23437500                  0.00002797
                0.00000000                  4.24218750                  0.00002744
                0.00000000                  4.25000000                  0.00002691
                0.00000000                  4.25781250                  0.00002640
                0.00000000                  4.26562500                  0.00002588
                0.00000000                  4.27343750                  0.00002539
                0.00000000                  4.28125000                  0.00002490
                0.00000000                  4.28906250                  0.00002442
                0.00000000                  4.29687500                  0.00002395
                0.00000000                  4.30468750                  0.00002350
                0.00000000                  4.31250000                  0.00002304
                0.00000000                  4.32031250                  0.00002260
                0.00000000                  4.32812500                  0.00002216
                0.00000000                  4.33593750                  0.00002174
                0.00000000                  4.34375000                  0.00002132
                0.00000000                  4.35156250                  0.00002091
                0.00000000                  4.35937500                  0.00002051
                0.00000000                  4.36718750                  0.00002012
                0.00000000                  4.37500000                  0.00001973
                0.00000000                  4.38281250                  0.00001935
                0.00000000                  4.39062500                  0.00001898
                0.00000000                  4.39843750                  0.00001862
                0.00000000                  4.40625000                  0.00001825
                0.00000000                  4.41406250                  0.00001791
                0.00000000                  4.42187500                  0.00001756
                0.00000000                  4.42968750                  0.00001723
                0.00000000                  4.43750000                  0.00001689
                0.00000000                  4.44531250                  0.00001657
                0.00000000                  4.45312500                  0.00001625
                0.00000000                  4.46093750                  0.00001594
                0.00000000                  4.46875000                  0.00001563
                0.00000000                  4.47656250                  0.00001533
                0.00000000                  4.48437500                  0.00001503
                0.00000000                  4.49218750                  0.00001475
                0.00000000                  4.50000000                  0.00001446
                0.00000000                  4.50781250                  0.00001419
                0.00000000                  4.51562500                  0.00001391
                0.00000000                  4.52343750                  0.00001365
                0.00000000                  4.53125000                  0.00001338
                0.00000000                  4.53906250                  0.00001313
                0.00000000                  4.54687500                  0.00001287
                0.00000000                  4.55468750                  0.00001263
                0.00000000                  4.56250000                  0.00001238
                0.00000000                  4.57031250                  0.00001215
                0.00000000                  4.57812500                  0.00001191
                0.00000000                  4.58593750                  0.00001169
                0.00000000                  4.59375000                  0.00001146
                0.00000000                  4.60156250                  0.00001124
                0.00000000                  4.60937500                  0.00001102
                0.00000000                  4.61718750                  0.00001081
                0.00000000                  4.62500000                  0.00001060
                0.00000000                  4.63281250                  0.00001040
                0.00000000                  4.64062500                  0.00001020
                0.00000000                  4.64843750                  0.00001001
                0.00000000                  4.65625000                  0.00000981
                0.00000000                  4.66406250                  0.00000962
                0.00000000                  4.67187500                  0.00000944
                0.00000000                  4.67968750                  0.00000926
                0.00000000                  4.68750000                  0.00000908
                0.00000000                  4.69531250                  0.00000891
                0.00000000                  4.70312500                  0.00000873
                0.00000000                  4.71093750                  0.00000857
                0.00000000                  4.71875000                  0.00000840
                0.00000000                  4.72656250                  0.00000824
                0.00000000                  4.73437500                  0.00000808
                0.00000000                  4.74218750                  0.00000793
                0.00000000                  4.75000000                  0.00000777
                0.00000000                  4.75781250                  0.00000763
                0.00000000                  4.76562500                  0.00000748
                0.00000000                  4.77343750                  0.00000734
                0.00000000                  4.78125000                  0.00000719
                0.00000000                  4.78906250                  0.00000706
                0.00000000                  4.79687500                  0.00000692
                0.00000000                  4.80468750                  0.00000679
                0.00000000                  4.81250000                  0.00000666
                0.00000000                  4.82031250                  0.00000653
                0.00000000                  4.82812500                  0.00000640
                0.00000000                  4.83593750                  0.00000628
                0.00000000                  4.84375000                  0.00000616
                0.00000000                  4.85156250                  0.00000604
                0.00000000                  4.85937500                  0.00000592
                0.00000000                  4.86718750                  0.00000581
                0.00000000                  4.87500000                  0.00000570
                0.00000000                  4.88281250                  0.00000559
                0.00000000                  4.89062500                  0.00000548
                0.00000000                  4.89843750                  0.00000538
                0.00000000                  4.90625000                  0.00000527
                0.00000000                  4.91406250                  0.00000517
                0.00000000                  4.92187500                  0.00000507
                0.00000000                  4.92968750                  0.00000498
                0.00000000                  4.93750000                  0.00000488
                0.00000000                  4.94531250                  0.00000479
                0.00000000                  4.95312500                  0.00000469
                0.00000000                  4.96093750                  0.00000460
                0.00000000                  4.96875000                  0.00000452
                0.00000000                  4.97656250                  0.00000443
                0.00000000                  4.98437500                  0.00000434
                0.00000000                  4.99218750                  0.00000426
