    0.50000000      1    0.05000000   -0.70401446   -0.45308440   -0.69696507
    0.50000000      2    0.15000000   -0.75759101   -0.79714584   -0.75664460
    0.50000000      3    0.25000000   -0.75851497   -1.13137087   -0.76471454
    0.50000000      4    0.35000000   -0.58798128   -1.04660353   -0.59642423
    0.50000000      5    0.45000000   -0.22411024   -0.42882878   -0.22796984
    0.50000000      6    0.55000000    0.22411024    0.42882878    0.22796984
    0.50000000      7    0.65000000    0.58798128    1.04660353    0.59642423
    0.50000000      8    0.75000000    0.75851497    1.13137087    0.76471454
    0.50000000      9    0.85000000    0.75759101    0.79714584    0.75664460
    0.50000000     10    0.95000000    0.70401446    0.45308440    0.69696507
    0.50000000     11    1.05000000    0.70401446    0.45308440    0.69696507
    0.50000000     12    1.15000000    0.75759101    0.79714584    0.75664460
    0.50000000     13    1.25000000    0.75851497    1.13137087    0.76471454
    0.50000000     14    1.35000000    0.58798128    1.04660353    0.59642423
    0.50000000     15    1.45000000    0.22411024    0.42882878    0.22796984
    0.50000000     16    1.55000000   -0.22411024   -0.42882878   -0.22796984
    0.50000000     17    1.65000000   -0.58798128   -1.04660353   -0.59642423
    0.50000000     18    1.75000000   -0.75851497   -1.13137087   -0.76471454
    0.50000000     19    1.85000000   -0.75759101   -0.79714584   -0.75664460
    0.50000000     20    1.95000000   -0.70401446   -0.45308440   -0.69696507
