   -1.000000000000 -0.000000000000  0.000000000000 -1.000000000000
   -0.875000000000  0.111205423947  0.111415569256  0.001889703769
   -0.750000000000  0.195968919616  0.196372375094  0.002058772784
   -0.625000000000  0.258888583199  0.259455287183  0.002188987929
   -0.500000000000  0.304159136931  0.304851873341  0.002277545949
   -0.375000000000  0.335408168953  0.336189203181  0.002328608248
   -0.250000000000  0.355569156334  0.356405423335  0.002351910974
   -0.125000000000  0.366791947874  0.367657340122  0.002359354541
    0.000000000000  0.370386317884  0.371260652043  0.002360600586
    0.125000000000  0.366791947874  0.367657340122  0.002359354541
    0.250000000000  0.355569156334  0.356405423335  0.002351910974
    0.375000000000  0.335408168953  0.336189203181  0.002328608248
    0.500000000000  0.304159136931  0.304851873341  0.002277545949
    0.625000000000  0.258888583199  0.259455287183  0.002188987929
    0.750000000000  0.195968919616  0.196372375094  0.002058772784
    0.875000000000  0.111205423947  0.111415569256  0.001889703769
    1.000000000000 -0.000000000000  0.000000000000 -1.000000000000
   -1.000000000000 -0.000000000000  0.000000000000 -1.000000000000
   -0.875000000000  0.217300130095  0.217424950126  0.000574413053
   -0.750000000000  0.404006437866  0.404251281163  0.000606038109
   -0.625000000000  0.560749884448  0.561105341821  0.000633896471
   -0.500000000000  0.688111966955  0.688564378374  0.000657467739
   -0.375000000000  0.786602371866  0.787134351413  0.000676300462
   -0.250000000000  0.856639388066  0.857230492065  0.000690026641
   -0.125000000000  0.898533832234  0.899161344891  0.000698373990
    0.000000000000  0.912477104336  0.913116910693  0.000701175244
    0.125000000000  0.898533832234  0.899161344891  0.000698373990
    0.250000000000  0.856639388066  0.857230492065  0.000690026641
    0.375000000000  0.786602371866  0.787134351413  0.000676300462
    0.500000000000  0.688111966955  0.688564378374  0.000657467739
    0.625000000000  0.560749884448  0.561105341821  0.000633896471
    0.750000000000  0.404006437866  0.404251281163  0.000606038109
    0.875000000000  0.217300130095  0.217424950126  0.000574413053
    1.000000000000 -0.000000000000  0.000000000000 -1.000000000000
