  0.249999896                  NaN
  0.499999672                  NaN
  0.749999464                  NaN
  0.999999225                  NaN
   1.24999905                  NaN
   1.49999881                  NaN
   1.74999857                  NaN
   1.99999833                  NaN
   2.25000405                  NaN
   2.50000978                  NaN
   2.75001550                  NaN
   3.00002122                  NaN
   3.25002694                  NaN
   3.50003266                  NaN
   3.75003839                  NaN
   4.00004387                  NaN
   4.25004959                  NaN
   4.50005531                  NaN
   4.75006104                  NaN
   5.00006676                  NaN
   5.25007248                  NaN
   5.50007820                  NaN
   5.75008392                  NaN
   6.00008965                  NaN
   6.25009537                  NaN
   6.50010109                  NaN
   6.75010681                  NaN
   7.00011253                  NaN
   7.25011826                  NaN
   7.50012398                  NaN
   7.75012970                  NaN
   8.00013542                  NaN
   8.25014114                  NaN
   8.50014687                  NaN
   8.75015259                  NaN
   9.00015831                  NaN
   9.25016403                  NaN
   9.50016975                  NaN
   9.75017548                  NaN
   10.0001812                  NaN
   10.2501869                  NaN
   10.5001926                  NaN
   10.7501984                  NaN
   11.0002041                  NaN
   11.2502098                  NaN
   11.5002155                  NaN
   11.7502213                  NaN
   12.0002270                  NaN
   12.2502327                  NaN
   12.5002384                  NaN
   12.7502441                  NaN
   13.0002499                  NaN
   13.2502556                  NaN
   13.5002613                  NaN
   13.7502670                  NaN
   14.0002728                  NaN
   14.2502785                  NaN
   14.5002842                  NaN
   14.7502899                  NaN
   15.0002956                  NaN
   15.2503014                  NaN
   15.5003071                  NaN
   15.7503128                  NaN
   16.0003185                  NaN
   16.2502766                  NaN
   16.5002346                  NaN
   16.7501926                  NaN
   17.0001507                  NaN
   17.2501087                  NaN
   17.5000668                  NaN
   17.7500248                  NaN
   17.9999828                  NaN
   18.2499409                  NaN
   18.4998989                  NaN
   18.7498569                  NaN
   18.9998150                  NaN
   19.2497730                  NaN
   19.4997311                  NaN
   19.7496891                  NaN
   19.9996471                  NaN
   20.2496052                  NaN
   20.4995632                  NaN
   20.7495213                  NaN
   20.9994793                  NaN
   21.2494373                  NaN
   21.4993954                  NaN
   21.7493534                  NaN
   21.9993114                  NaN
   22.2492695                  NaN
   22.4992275                  NaN
   22.7491856                  NaN
   22.9991436                  NaN
   23.2491016                  NaN
   23.4990597                  NaN
   23.7490177                  NaN
   23.9989758                  NaN
   24.2489338                  NaN
   24.4988918                  NaN
   24.7488499                  NaN
   24.9988079                  NaN
   25.2487659                  NaN
   25.4987240                  NaN
   25.7486820                  NaN
   25.9986401                  NaN
   26.2485981                  NaN
   26.4985561                  NaN
   26.7485142                  NaN
   26.9984722                  NaN
   27.2484303                  NaN
   27.4983883                  NaN
   27.7483463                  NaN
   27.9983044                  NaN
   28.2482624                  NaN
   28.4982204                  NaN
   28.7481785                  NaN
   28.9981365                  NaN
   29.2480946                  NaN
   29.4980526                  NaN
   29.7480106                  NaN
   29.9979687                  NaN
   30.2479267                  NaN
   30.4978848                  NaN
   30.7478428                  NaN
   30.9978008                  NaN
   31.2477589                  NaN
   31.4977169                  NaN
   31.7476749                  NaN
   31.9976330                  NaN
   32.2476845                  NaN
   32.4977379                  NaN
   32.7477913                  NaN
   32.9978447                  NaN
   33.2478981                  NaN
   33.4979515                  NaN
   33.7480049                  NaN
   33.9980583                  NaN
   34.2481117                  NaN
   34.4981651                  NaN
   34.7482185                  NaN
   34.9982719                  NaN
   35.2483253                  NaN
   35.4983788                  NaN
   35.7484322                  NaN
   35.9984856                  NaN
   36.2485390                  NaN
   36.4985924                  NaN
   36.7486458                  NaN
   36.9986992                  NaN
   37.2487526                  NaN
   37.4988060                  NaN
   37.7488594                  NaN
   37.9989128                  NaN
   38.2489662                  NaN
   38.4990196                  NaN
   38.7490730                  NaN
   38.9991264                  NaN
   39.2491798                  NaN
   39.4992332                  NaN
   39.7492867                  NaN
   39.9993401                  NaN
   40.2493935                  NaN
   40.4994469                  NaN
   40.7495003                  NaN
   40.9995537                  NaN
   41.2496071                  NaN
   41.4996605                  NaN
   41.7497139                  NaN
   41.9997673                  NaN
   42.2498207                  NaN
   42.4998741                  NaN
   42.7499275                  NaN
   42.9999809                  NaN
   43.2500343                  NaN
   43.5000877                  NaN
   43.7501411                  NaN
   44.0001945                  NaN
   44.2502480                  NaN
   44.5003014                  NaN
   44.7503548                  NaN
   45.0004082                  NaN
   45.2504616                  NaN
   45.5005150                  NaN
   45.7505684                  NaN
   46.0006218                  NaN
   46.2506752                  NaN
   46.5007286                  NaN
   46.7507820                  NaN
   47.0008354                  NaN
   47.2508888                  NaN
   47.5009422                  NaN
   47.7509956                  NaN
   48.0010490                  NaN
   48.2511024                  NaN
   48.5011559                  NaN
   48.7512093                  NaN
   49.0012627                  NaN
   49.2513161                  NaN
   49.5013695                  NaN
   49.7514229                  NaN
   50.0014763                  NaN
   50.2515297                  NaN
   50.5015831                  NaN
   50.7516365                  NaN
   51.0016899                  NaN
   51.2517433                  NaN
   51.5017967                  NaN
   51.7518501                  NaN
   52.0019035                  NaN
   52.2519569                  NaN
   52.5020103                  NaN
   52.7520638                  NaN
   53.0021172                  NaN
   53.2521706                  NaN
   53.5022240                  NaN
   53.7522774                  NaN
   54.0023308                  NaN
   54.2523842                  NaN
   54.5024376                  NaN
   54.7524910                  NaN
   55.0025444                  NaN
   55.2525978                  NaN
   55.5026512                  NaN
   55.7527046                  NaN
   56.0027580                  NaN
   56.2528114                  NaN
   56.5028648                  NaN
   56.7529182                  NaN
   57.0029716                  NaN
   57.2530251                  NaN
   57.5030785                  NaN
   57.7531319                  NaN
   58.0031853                  NaN
   58.2532387                  NaN
   58.5032921                  NaN
   58.7533455                  NaN
   59.0033989                  NaN
   59.2534523                  NaN
   59.5035057                  NaN
   59.7535591                  NaN
   60.0036125                  NaN
   60.2536659                  NaN
   60.5037193                  NaN
   60.7537727                  NaN
   61.0038261                  NaN
   61.2538795                  NaN
   61.5039330                  NaN
   61.7539864                  NaN
   62.0040398                  NaN
   62.2540932                  NaN
   62.5041466                  NaN
   62.7542000                  NaN
   63.0042534                  NaN
   63.2543068                  NaN
   63.5043602                  NaN
   63.7544136                  NaN
   64.0044632                  NaN
   64.2543259                  NaN
   64.5041885                  NaN
   64.7540512                  NaN
   65.0039139                  NaN
   65.2537766                  NaN
   65.5036392                  NaN
   65.7535019                  NaN
   66.0033646                  NaN
   66.2532272                  NaN
   66.5030899                  NaN
   66.7529526                  NaN
   67.0028152                  NaN
   67.2526779                  NaN
   67.5025406                  NaN
   67.7524033                  NaN
   68.0022659                  NaN
   68.2521286                  NaN
   68.5019913                  NaN
   68.7518539                  NaN
   69.0017166                  NaN
   69.2515793                  NaN
   69.5014420                  NaN
   69.7513046                  NaN
   70.0011673                  NaN
   70.2510300                  NaN
   70.5008926                  NaN
   70.7507553                  NaN
   71.0006180                  NaN
   71.2504807                  NaN
   71.5003433                  NaN
   71.7502060                  NaN
   72.0000687                  NaN
   72.2499313                  NaN
   72.4997940                  NaN
   72.7496567                  NaN
   72.9995193                  NaN
   73.2493820                  NaN
   73.4992447                  NaN
   73.7491074                  NaN
   73.9989700                  NaN
   74.2488327                  NaN
   74.4986954                  NaN
   74.7485580                  NaN
   74.9984207                  NaN
   75.2482834                  NaN
   75.4981461                  NaN
   75.7480087                  NaN
   75.9978714                  NaN
   76.2477341                  NaN
   76.4975967                  NaN
   76.7474594                  NaN
   76.9973221                  NaN
   77.2471848                  NaN
   77.4970474                  NaN
   77.7469101                  NaN
   77.9967728                  NaN
   78.2466354                  NaN
   78.4964981                  NaN
   78.7463608                  NaN
   78.9962234                  NaN
   79.2460861                  NaN
   79.4959488                  NaN
   79.7458115                  NaN
   79.9956741                  NaN
   80.2455368                  NaN
   80.4953995                  NaN
   80.7452621                  NaN
   80.9951248                  NaN
   81.2449875                  NaN
   81.4948502                  NaN
   81.7447128                  NaN
   81.9945755                  NaN
   82.2444382                  NaN
   82.4943008                  NaN
   82.7441635                  NaN
   82.9940262                  NaN
   83.2438889                  NaN
   83.4937515                  NaN
   83.7436142                  NaN
   83.9934769                  NaN
   84.2433395                  NaN
   84.4932022                  NaN
   84.7430649                  NaN
   84.9929276                  NaN
   85.2427902                  NaN
   85.4926529                  NaN
   85.7425156                  NaN
   85.9923782                  NaN
   86.2422409                  NaN
   86.4921036                  NaN
   86.7419662                  NaN
   86.9918289                  NaN
   87.2416916                  NaN
   87.4915543                  NaN
   87.7414169                  NaN
   87.9912796                  NaN
   88.2411423                  NaN
   88.4910049                  NaN
   88.7408676                  NaN
