    0.50000000  0    0.00000000   -0.68213476   -0.39999998   -0.00000000
    0.50000000  1    0.05000000    0.00000000   -0.45308440   -0.08890901
    0.50000000  2    0.15000000    0.00144085   -0.79714584   -0.08118398
    0.50000000  3    0.25000000    0.01509459   -1.13137087    0.31921585
    0.50000000  4    0.35000000    0.07289634   -1.04660353    0.96380340
    0.50000000  5    0.45000000    0.21577175   -0.42882878    1.45311225
    0.50000000  6    0.55000000    0.43988199    0.42882878    1.45311225
    0.50000000  7    0.65000000    0.66087762    1.04660353    0.96380340
    0.50000000  8    0.75000000    0.77360957    1.13137087    0.31921585
    0.50000000  9    0.85000000    0.75903186    0.79714584   -0.08118398
    0.50000000 10    0.95000000    0.70401445    0.45308440   -0.08890901
    0.50000000 11    1.05000000    0.70401445    0.45308440    0.08890901
    0.50000000 12    1.15000000    0.75759101    0.79714584    0.08118398
    0.50000000 13    1.25000000    0.75851497    1.13137087   -0.31921585
    0.50000000 14    1.35000000    0.58798129    1.04660353   -0.96380340
    0.50000000 15    1.45000000    0.22411024    0.42882878   -1.45311225
    0.50000000 16    1.55000000   -0.22411024   -0.42882878   -1.45311225
    0.50000000 17    1.65000000   -0.58798129   -1.04660353   -0.96380340
    0.50000000 18    1.75000000   -0.75851497   -1.13137087   -0.31921585
    0.50000000 19    1.85000000   -0.75759101   -0.79714584    0.08118398
    0.50000000 20    1.95000000   -0.70401445   -0.45308440    0.08890901
    0.50000000 21    2.00000000   -0.68213476   -0.39999998    0.00000000
