    1.50000000  0    0.00000000    0.69204766    0.39999998    0.00000000
    1.50000000  1    0.05000000    0.00000000    0.45308440    0.04366571
    1.50000000  2    0.15000000    0.00000000    0.79714584   -0.01447356
    1.50000000  3    0.25000000    0.00000004    1.13137087   -0.37837877
    1.50000000  4    0.35000000    0.00000062    1.04660353   -0.92516416
    1.50000000  5    0.45000000    0.00000590    0.42882878   -1.33273507
    1.50000000  6    0.55000000    0.00004081   -0.42882878   -1.33273507
    1.50000000  7    0.65000000    0.00021842   -1.04660353   -0.92516416
    1.50000000  8    0.75000000    0.00094090   -1.13137087   -0.37837877
    1.50000000  9    0.85000000    0.00335276   -0.79714584   -0.01447356
    1.50000000 10    0.95000000    0.01008026   -0.45308440    0.04366571
    1.50000000 11    1.05000000    0.02595950   -0.45308440   -0.04366571
    1.50000000 12    1.15000000    0.05795382   -0.79714584    0.01447356
    1.50000000 13    1.25000000    0.11329110   -1.13137087    0.37837877
    1.50000000 14    1.35000000    0.19568957   -1.04660353    0.92516416
    1.50000000 15    1.45000000    0.30135281   -0.42882878    1.33273507
    1.50000000 16    1.55000000    0.41777343    0.42882878    1.33273507
    1.50000000 17    1.65000000    0.52734832    1.04660353    0.92516416
    1.50000000 18    1.75000000    0.61421903    1.13137087    0.37837877
    1.50000000 19    1.85000000    0.66944889    0.79714584    0.01447356
    1.50000000 20    1.95000000    0.69030313    0.45308440   -0.04366571
    1.50000000 21    2.00000000    0.69204766    0.39999998   -0.00000000
