    0.50000000     1    0.00625000   -0.40136131   -0.40084787   -0.40136240
    0.50000000     2    0.01875000   -0.40868032   -0.40760967   -0.40868238
    0.50000000     3    0.03125000   -0.42263326   -0.42102053   -0.42263628
    0.50000000     4    0.04375000   -0.44298862   -0.44085657   -0.44299255
    0.50000000     5    0.05625000   -0.46940718   -0.46678594   -0.46941197
    0.50000000     6    0.06875000   -0.50144688   -0.49837349   -0.50145245
    0.50000000     7    0.08125000   -0.53856900   -0.53508693   -0.53857529
    0.50000000     8    0.09375000   -0.58014585   -0.57630437   -0.58015276
    0.50000000     9    0.10625000   -0.62546956   -0.62132305   -0.62547700
    0.50000000    10    0.11875000   -0.67376216   -0.66936939   -0.67377002
    0.50000000    11    0.13125000   -0.72418658   -0.71960985   -0.72419475
    0.50000000    12    0.14375000   -0.77585849   -0.77116279   -0.77586686
    0.50000000    13    0.15625000   -0.82785886   -0.82311098   -0.82786733
    0.50000000    14    0.16875000   -0.87924705   -0.87451460   -0.87925548
    0.50000000    15    0.18125000   -0.92907410   -0.92442464   -0.92908238
    0.50000000    16    0.19375000   -0.97639636   -0.97189639   -0.97640438
    0.50000000    17    0.20625000   -1.02028887   -1.01600295   -1.02029651
    0.50000000    18    0.21875000   -1.05985865   -1.05584850   -1.05986581
    0.50000000    19    0.23125000   -1.09425749   -1.09058110   -1.09426406
    0.50000000    20    0.24375000   -1.12269419   -1.11940506   -1.12270009
    0.50000000    21    0.25625000   -1.14444602   -1.14159236   -1.14445116
    0.50000000    22    0.26875000   -1.15886920   -1.15649330   -1.15887351
    0.50000000    23    0.28125000   -1.16540841   -1.16354604   -1.16541184
    0.50000000    24    0.29375000   -1.16360501   -1.16228490   -1.16360750
    0.50000000    25    0.30625000   -1.15310395   -1.15234742   -1.15310547
    0.50000000    26    0.31875000   -1.13365931   -1.13347993   -1.13365983
    0.50000000    27    0.33125000   -1.10513829   -1.10554172   -1.10513781
    0.50000000    28    0.34375000   -1.06752368   -1.06850757   -1.06752221
    0.50000000    29    0.35625000   -1.02091474   -1.02246877   -1.02091229
    0.50000000    30    0.36875000   -0.96552646   -0.96763246   -0.96552307
    0.50000000    31    0.38125000   -0.90168725   -0.90431947   -0.90168296
    0.50000000    32    0.39375000   -0.82983508   -0.83296052   -0.82982995
    0.50000000    33    0.40625000   -0.75051207   -0.75409095   -0.75050618
    0.50000000    34    0.41875000   -0.66435771   -0.66834399   -0.66435113
    0.50000000    35    0.43125000   -0.57210066   -0.57644272   -0.57209349
    0.50000000    36    0.44375000   -0.47454942   -0.47919070   -0.47454175
    0.50000000    37    0.45625000   -0.37258179   -0.37746164   -0.37257373
    0.50000000    38    0.46875000   -0.26713347   -0.27218795   -0.26712513
    0.50000000    39    0.48125000   -0.15918583   -0.16434857   -0.15917732
    0.50000000    40    0.49375000   -0.04975301   -0.05495617   -0.04974446
    0.50000000    41    0.50625000    0.06013136    0.05495617    0.06013985
    0.50000000    42    0.51875000    0.16942777    0.16434857    0.16943606
    0.50000000    43    0.53125000    0.27710445    0.27218795    0.27711245
    0.50000000    44    0.54375000    0.38215101    0.37746164    0.38215859
    0.50000000    45    0.55625000    0.48359161    0.47919070    0.48359868
    0.50000000    46    0.56875000    0.58049782    0.57644272    0.58050427
    0.50000000    47    0.58125000    0.67200070    0.66834399    0.67200646
    0.50000000    48    0.59375000    0.75730217    0.75409095    0.75730714
    0.50000000    49    0.60625000    0.83568528    0.83296052    0.83568941
    0.50000000    50    0.61875000    0.90652351    0.90431947    0.90652673
    0.50000000    51    0.63125000    0.96928868    0.96763246    0.96929095
    0.50000000    52    0.64375000    1.02355760    1.02246877    1.02355889
    0.50000000    53    0.65625000    1.06901725    1.06850757    1.06901754
    0.50000000    54    0.66875000    1.10546844    1.10554172    1.10546773
    0.50000000    55    0.68125000    1.13282790    1.13347993    1.13282620
    0.50000000    56    0.69375000    1.15112879    1.15234742    1.15112612
    0.50000000    57    0.70625000    1.16051960    1.16228490    1.16051601
    0.50000000    58    0.71875000    1.16126148    1.16354604    1.16125701
    0.50000000    59    0.73125000    1.15372400    1.15649330    1.15371871
    0.50000000    60    0.74375000    1.13837945    1.14159236    1.13837342
    0.50000000    61    0.75625000    1.11579575    1.11940506    1.11578906
    0.50000000    62    0.76875000    1.08662796    1.09058110    1.08662071
    0.50000000    63    0.78125000    1.05160877    1.05584850    1.05160105
    0.50000000    64    0.79375000    1.01153773    1.01600295    1.01152966
    0.50000000    65    0.80625000    0.96726979    0.97189639    0.96726147
    0.50000000    66    0.81875000    0.91970288    0.92442464    0.91969444
    0.50000000    67    0.83125000    0.86976511    0.87451460    0.86975666
    0.50000000    68    0.84375000    0.81840144    0.82311098    0.81839309
    0.50000000    69    0.85625000    0.76656020    0.77116279    0.76655208
    0.50000000    70    0.86875000    0.71517959    0.71960985    0.71517180
    0.50000000    71    0.88125000    0.66517432    0.66936939    0.66516698
    0.50000000    72    0.89375000    0.61742264    0.62132305    0.61741584
    0.50000000    73    0.90625000    0.57275385    0.57630437    0.57274769
    0.50000000    74    0.91875000    0.53193657    0.53508693    0.53193114
    0.50000000    75    0.93125000    0.49566783    0.49837349    0.49566320
    0.50000000    76    0.94375000    0.46456325    0.46678594    0.46455948
    0.50000000    77    0.95625000    0.43914825    0.44085657    0.43914541
    0.50000000    78    0.96875000    0.41985073    0.42102053    0.41984884
    0.50000000    79    0.98125000    0.40699492    0.40760967    0.40699402
    0.50000000    80    0.99375000    0.40079686    0.40084787    0.40079695
    0.50000000    81    1.00625000    0.40136131    0.40084787    0.40136240
    0.50000000    82    1.01875000    0.40868032    0.40760967    0.40868238
    0.50000000    83    1.03125000    0.42263326    0.42102053    0.42263628
    0.50000000    84    1.04375000    0.44298862    0.44085657    0.44299255
    0.50000000    85    1.05625000    0.46940718    0.46678594    0.46941197
    0.50000000    86    1.06875000    0.50144688    0.49837349    0.50145245
    0.50000000    87    1.08125000    0.53856900    0.53508693    0.53857529
    0.50000000    88    1.09375000    0.58014585    0.57630437    0.58015276
    0.50000000    89    1.10625000    0.62546956    0.62132305    0.62547700
    0.50000000    90    1.11875000    0.67376216    0.66936939    0.67377002
    0.50000000    91    1.13125000    0.72418658    0.71960985    0.72419475
    0.50000000    92    1.14375000    0.77585849    0.77116279    0.77586686
    0.50000000    93    1.15625000    0.82785886    0.82311098    0.82786733
    0.50000000    94    1.16875000    0.87924705    0.87451460    0.87925548
    0.50000000    95    1.18125000    0.92907410    0.92442464    0.92908238
    0.50000000    96    1.19375000    0.97639636    0.97189639    0.97640438
    0.50000000    97    1.20625000    1.02028887    1.01600295    1.02029651
    0.50000000    98    1.21875000    1.05985865    1.05584850    1.05986581
    0.50000000    99    1.23125000    1.09425749    1.09058110    1.09426406
    0.50000000   100    1.24375000    1.12269419    1.11940506    1.12270009
    0.50000000   101    1.25625000    1.14444602    1.14159236    1.14445116
    0.50000000   102    1.26875000    1.15886920    1.15649330    1.15887351
    0.50000000   103    1.28125000    1.16540841    1.16354604    1.16541184
    0.50000000   104    1.29375000    1.16360501    1.16228490    1.16360750
    0.50000000   105    1.30625000    1.15310395    1.15234742    1.15310547
    0.50000000   106    1.31875000    1.13365931    1.13347993    1.13365983
    0.50000000   107    1.33125000    1.10513829    1.10554172    1.10513781
    0.50000000   108    1.34375000    1.06752368    1.06850757    1.06752221
    0.50000000   109    1.35625000    1.02091474    1.02246877    1.02091229
    0.50000000   110    1.36875000    0.96552646    0.96763246    0.96552307
    0.50000000   111    1.38125000    0.90168725    0.90431947    0.90168296
    0.50000000   112    1.39375000    0.82983508    0.83296052    0.82982995
    0.50000000   113    1.40625000    0.75051207    0.75409095    0.75050618
    0.50000000   114    1.41875000    0.66435771    0.66834399    0.66435113
    0.50000000   115    1.43125000    0.57210066    0.57644272    0.57209349
    0.50000000   116    1.44375000    0.47454942    0.47919070    0.47454175
    0.50000000   117    1.45625000    0.37258179    0.37746164    0.37257373
    0.50000000   118    1.46875000    0.26713347    0.27218795    0.26712513
    0.50000000   119    1.48125000    0.15918583    0.16434857    0.15917732
    0.50000000   120    1.49375000    0.04975301    0.05495617    0.04974446
    0.50000000   121    1.50625000   -0.06013136   -0.05495617   -0.06013985
    0.50000000   122    1.51875000   -0.16942777   -0.16434857   -0.16943606
    0.50000000   123    1.53125000   -0.27710445   -0.27218795   -0.27711245
    0.50000000   124    1.54375000   -0.38215101   -0.37746164   -0.38215859
    0.50000000   125    1.55625000   -0.48359161   -0.47919070   -0.48359868
    0.50000000   126    1.56875000   -0.58049782   -0.57644272   -0.58050427
    0.50000000   127    1.58125000   -0.67200070   -0.66834399   -0.67200646
    0.50000000   128    1.59375000   -0.75730217   -0.75409095   -0.75730714
    0.50000000   129    1.60625000   -0.83568528   -0.83296052   -0.83568941
    0.50000000   130    1.61875000   -0.90652351   -0.90431947   -0.90652673
    0.50000000   131    1.63125000   -0.96928868   -0.96763246   -0.96929095
    0.50000000   132    1.64375000   -1.02355760   -1.02246877   -1.02355889
    0.50000000   133    1.65625000   -1.06901725   -1.06850757   -1.06901754
    0.50000000   134    1.66875000   -1.10546844   -1.10554172   -1.10546773
    0.50000000   135    1.68125000   -1.13282790   -1.13347993   -1.13282620
    0.50000000   136    1.69375000   -1.15112879   -1.15234742   -1.15112612
    0.50000000   137    1.70625000   -1.16051960   -1.16228490   -1.16051601
    0.50000000   138    1.71875000   -1.16126148   -1.16354604   -1.16125701
    0.50000000   139    1.73125000   -1.15372400   -1.15649330   -1.15371871
    0.50000000   140    1.74375000   -1.13837945   -1.14159236   -1.13837342
    0.50000000   141    1.75625000   -1.11579575   -1.11940506   -1.11578906
    0.50000000   142    1.76875000   -1.08662796   -1.09058110   -1.08662071
    0.50000000   143    1.78125000   -1.05160877   -1.05584850   -1.05160105
    0.50000000   144    1.79375000   -1.01153773   -1.01600295   -1.01152966
    0.50000000   145    1.80625000   -0.96726979   -0.97189639   -0.96726147
    0.50000000   146    1.81875000   -0.91970288   -0.92442464   -0.91969444
    0.50000000   147    1.83125000   -0.86976511   -0.87451460   -0.86975666
    0.50000000   148    1.84375000   -0.81840144   -0.82311098   -0.81839309
    0.50000000   149    1.85625000   -0.76656020   -0.77116279   -0.76655208
    0.50000000   150    1.86875000   -0.71517959   -0.71960985   -0.71517180
    0.50000000   151    1.88125000   -0.66517432   -0.66936939   -0.66516698
    0.50000000   152    1.89375000   -0.61742264   -0.62132305   -0.61741584
    0.50000000   153    1.90625000   -0.57275385   -0.57630437   -0.57274769
    0.50000000   154    1.91875000   -0.53193657   -0.53508693   -0.53193114
    0.50000000   155    1.93125000   -0.49566783   -0.49837349   -0.49566320
    0.50000000   156    1.94375000   -0.46456325   -0.46678594   -0.46455948
    0.50000000   157    1.95625000   -0.43914825   -0.44085657   -0.43914541
    0.50000000   158    1.96875000   -0.41985073   -0.42102053   -0.41984884
    0.50000000   159    1.98125000   -0.40699492   -0.40760967   -0.40699402
    0.50000000   160    1.99375000   -0.40079686   -0.40084787   -0.40079695
