    1.50000000     1    0.00100000    0.40002789    0.40002171    0.40002792
    1.50000000     2    0.00300000    0.40020853    0.40019540    0.40020856
    1.50000000     3    0.00500000    0.40056279    0.40054271    0.40056281
    1.50000000     4    0.00700000    0.40109050    0.40106348    0.40109052
    1.50000000     5    0.00900000    0.40179145    0.40175750    0.40179147
    1.50000000     6    0.01100000    0.40266533    0.40262446    0.40266535
    1.50000000     7    0.01300000    0.40371178    0.40366400    0.40371180
    1.50000000     8    0.01500000    0.40493034    0.40487568    0.40493036
    1.50000000     9    0.01700000    0.40632050    0.40625897    0.40632052
    1.50000000    10    0.01900000    0.40788166    0.40781329    0.40788168
    1.50000000    11    0.02100000    0.40961316    0.40953797    0.40961318
    1.50000000    12    0.02300000    0.41151425    0.41143227    0.41151427
    1.50000000    13    0.02500000    0.41358412    0.41349538    0.41358415
    1.50000000    14    0.02700000    0.41582190    0.41572643    0.41582193
    1.50000000    15    0.02900000    0.41822661    0.41812445    0.41822664
    1.50000000    16    0.03100000    0.42079724    0.42068841    0.42079727
    1.50000000    17    0.03300000    0.42353268    0.42341724    0.42353271
    1.50000000    18    0.03500000    0.42643176    0.42630974    0.42643179
    1.50000000    19    0.03700000    0.42949325    0.42936469    0.42949327
    1.50000000    20    0.03900000    0.43271582    0.43258077    0.43271584
    1.50000000    21    0.04100000    0.43609809    0.43595661    0.43609812
    1.50000000    22    0.04300000    0.43963862    0.43949076    0.43963865
    1.50000000    23    0.04500000    0.44333589    0.44318169    0.44333592
    1.50000000    24    0.04700000    0.44718831    0.44702783    0.44718834
    1.50000000    25    0.04900000    0.45119423    0.45102753    0.45119426
    1.50000000    26    0.05100000    0.45535192    0.45517906    0.45535195
    1.50000000    27    0.05300000    0.45965959    0.45948064    0.45965962
    1.50000000    28    0.05500000    0.46411540    0.46393042    0.46411543
    1.50000000    29    0.05700000    0.46871743    0.46852648    0.46871746
    1.50000000    30    0.05900000    0.47346368    0.47326684    0.47346371
    1.50000000    31    0.06100000    0.47835213    0.47814946    0.47835216
    1.50000000    32    0.06300000    0.48338065    0.48317223    0.48338068
    1.50000000    33    0.06500000    0.48854708    0.48833298    0.48854710
    1.50000000    34    0.06700000    0.49384918    0.49362949    0.49384921
    1.50000000    35    0.06900000    0.49928466    0.49905945    0.49928469
    1.50000000    36    0.07100000    0.50485118    0.50462053    0.50485121
    1.50000000    37    0.07300000    0.51054632    0.51031032    0.51054635
    1.50000000    38    0.07500000    0.51636761    0.51612634    0.51636764
    1.50000000    39    0.07700000    0.52231252    0.52206608    0.52231255
    1.50000000    40    0.07900000    0.52837848    0.52812695    0.52837851
    1.50000000    41    0.08100000    0.53456285    0.53430631    0.53456288
    1.50000000    42    0.08300000    0.54086294    0.54060149    0.54086296
    1.50000000    43    0.08500000    0.54727599    0.54700974    0.54727602
    1.50000000    44    0.08700000    0.55379923    0.55352826    0.55379926
    1.50000000    45    0.08900000    0.56042979    0.56015421    0.56042982
    1.50000000    46    0.09100000    0.56716479    0.56688469    0.56716482
    1.50000000    47    0.09300000    0.57400127    0.57371676    0.57400130
    1.50000000    48    0.09500000    0.58093625    0.58064742    0.58093628
    1.50000000    49    0.09700000    0.58796667    0.58767364    0.58796670
    1.50000000    50    0.09900000    0.59508946    0.59479232    0.59508949
    1.50000000    51    0.10100000    0.60230147    0.60200035    0.60230150
    1.50000000    52    0.10300000    0.60959955    0.60929453    0.60959957
    1.50000000    53    0.10500000    0.61698045    0.61667167    0.61698048
    1.50000000    54    0.10700000    0.62444094    0.62412849    0.62444096
    1.50000000    55    0.10900000    0.63197770    0.63166171    0.63197773
    1.50000000    56    0.11100000    0.63958740    0.63926798    0.63958743
    1.50000000    57    0.11300000    0.64726667    0.64694392    0.64726669
    1.50000000    58    0.11500000    0.65501208    0.65468614    0.65501211
    1.50000000    59    0.11700000    0.66282020    0.66249118    0.66282023
    1.50000000    60    0.11900000    0.67068755    0.67035556    0.67068757
    1.50000000    61    0.12100000    0.67861060    0.67827577    0.67861062
    1.50000000    62    0.12300000    0.68658581    0.68624827    0.68658584
    1.50000000    63    0.12500000    0.69460961    0.69426947    0.69460964
    1.50000000    64    0.12700000    0.70267839    0.70233578    0.70267842
    1.50000000    65    0.12900000    0.71078853    0.71044357    0.71078855
    1.50000000    66    0.13100000    0.71893635    0.71858917    0.71893638
    1.50000000    67    0.13300000    0.72711819    0.72676891    0.72711821
    1.50000000    68    0.13500000    0.73533033    0.73497908    0.73533035
    1.50000000    69    0.13700000    0.74356904    0.74321595    0.74356906
    1.50000000    70    0.13900000    0.75183058    0.75147578    0.75183060
    1.50000000    71    0.14100000    0.76011117    0.75975479    0.76011119
    1.50000000    72    0.14300000    0.76840703    0.76804919    0.76840705
    1.50000000    73    0.14500000    0.77671436    0.77635520    0.77671438
    1.50000000    74    0.14700000    0.78502933    0.78466898    0.78502935
    1.50000000    75    0.14900000    0.79334812    0.79298670    0.79334814
    1.50000000    76    0.15100000    0.80166687    0.80130453    0.80166689
    1.50000000    77    0.15300000    0.80998174    0.80961860    0.80998176
    1.50000000    78    0.15500000    0.81828885    0.81792504    0.81828887
    1.50000000    79    0.15700000    0.82658433    0.82621999    0.82658435
    1.50000000    80    0.15900000    0.83486430    0.83449956    0.83486432
    1.50000000    81    0.16100000    0.84312487    0.84275987    0.84312489
    1.50000000    82    0.16300000    0.85136216    0.85099702    0.85136217
    1.50000000    83    0.16500000    0.85957226    0.85920712    0.85957228
    1.50000000    84    0.16700000    0.86775128    0.86738628    0.86775130
    1.50000000    85    0.16900000    0.87589534    0.87553060    0.87589535
    1.50000000    86    0.17100000    0.88400053    0.88363619    0.88400054
    1.50000000    87    0.17300000    0.89206296    0.89169916    0.89206298
    1.50000000    88    0.17500000    0.90007875    0.89971562    0.90007877
    1.50000000    89    0.17700000    0.90804403    0.90768170    0.90804404
    1.50000000    90    0.17900000    0.91595491    0.91559351    0.91595493
    1.50000000    91    0.18100000    0.92380754    0.92344721    0.92380756
    1.50000000    92    0.18300000    0.93159806    0.93123892    0.93159808
    1.50000000    93    0.18500000    0.93932263    0.93896482    0.93932264
    1.50000000    94    0.18700000    0.94697742    0.94662107    0.94697744
    1.50000000    95    0.18900000    0.95455862    0.95420386    0.95455863
    1.50000000    96    0.19100000    0.96206243    0.96170939    0.96206244
    1.50000000    97    0.19300000    0.96948506    0.96913387    0.96948507
    1.50000000    98    0.19500000    0.97682276    0.97647355    0.97682277
    1.50000000    99    0.19700000    0.98407178    0.98372467    0.98407179
    1.50000000   100    0.19900000    0.99122839    0.99088352    0.99122840
    1.50000000   101    0.20100000    0.99828891    0.99794640    0.99828892
    1.50000000   102    0.20300000    1.00524965    1.00490963    1.00524966
    1.50000000   103    0.20500000    1.01210697    1.01176956    1.01210698
    1.50000000   104    0.20700000    1.01885724    1.01852257    1.01885725
    1.50000000   105    0.20900000    1.02549687    1.02516506    1.02549688
    1.50000000   106    0.21100000    1.03202229    1.03169347    1.03202230
    1.50000000   107    0.21300000    1.03842997    1.03810425    1.03842998
    1.50000000   108    0.21500000    1.04471641    1.04439391    1.04471641
    1.50000000   109    0.21700000    1.05087813    1.05055897    1.05087813
    1.50000000   110    0.21900000    1.05691170    1.05659601    1.05691170
    1.50000000   111    0.22100000    1.06281372    1.06250161    1.06281372
    1.50000000   112    0.22300000    1.06858084    1.06827242    1.06858084
    1.50000000   113    0.22500000    1.07420972    1.07390510    1.07420972
    1.50000000   114    0.22700000    1.07969708    1.07939639    1.07969708
    1.50000000   115    0.22900000    1.08503968    1.08474302    1.08503968
    1.50000000   116    0.23100000    1.09023432    1.08994181    1.09023432
    1.50000000   117    0.23300000    1.09527784    1.09498958    1.09527784
    1.50000000   118    0.23500000    1.10016713    1.09988323    1.10016713
    1.50000000   119    0.23700000    1.10489912    1.10461968    1.10489912
    1.50000000   120    0.23900000    1.10947078    1.10919592    1.10947078
    1.50000000   121    0.24100000    1.11387915    1.11360896    1.11387915
    1.50000000   122    0.24300000    1.11812130    1.11785588    1.11812130
    1.50000000   123    0.24500000    1.12219435    1.12193381    1.12219435
    1.50000000   124    0.24700000    1.12609549    1.12583991    1.12609548
    1.50000000   125    0.24900000    1.12982193    1.12957142    1.12982192
    1.50000000   126    0.25100000    1.13337096    1.13312562    1.13337096
    1.50000000   127    0.25300000    1.13673993    1.13649983    1.13673992
    1.50000000   128    0.25500000    1.13992621    1.13969145    1.13992620
    1.50000000   129    0.25700000    1.14292725    1.14269793    1.14292724
    1.50000000   130    0.25900000    1.14574057    1.14551677    1.14574056
    1.50000000   131    0.26100000    1.14836371    1.14814552    1.14836370
    1.50000000   132    0.26300000    1.15079431    1.15058180    1.15079431
    1.50000000   133    0.26500000    1.15303005    1.15282331    1.15303004
    1.50000000   134    0.26700000    1.15506866    1.15486777    1.15506865
    1.50000000   135    0.26900000    1.15690796    1.15671299    1.15690795
    1.50000000   136    0.27100000    1.15854580    1.15835683    1.15854579
    1.50000000   137    0.27300000    1.15998012    1.15979722    1.15998011
    1.50000000   138    0.27500000    1.16120891    1.16103215    1.16120889
    1.50000000   139    0.27700000    1.16223022    1.16205968    1.16223021
    1.50000000   140    0.27900000    1.16304220    1.16287792    1.16304218
    1.50000000   141    0.28100000    1.16364301    1.16348508    1.16364300
    1.50000000   142    0.28300000    1.16403093    1.16387940    1.16403091
    1.50000000   143    0.28500000    1.16420427    1.16405920    1.16420426
    1.50000000   144    0.28700000    1.16416143    1.16402288    1.16416142
    1.50000000   145    0.28900000    1.16390088    1.16376890    1.16390087
    1.50000000   146    0.29100000    1.16342114    1.16329579    1.16342113
    1.50000000   147    0.29300000    1.16272082    1.16260215    1.16272081
    1.50000000   148    0.29500000    1.16179859    1.16168664    1.16179858
    1.50000000   149    0.29700000    1.16065320    1.16054802    1.16065318
    1.50000000   150    0.29900000    1.15928346    1.15918509    1.15928344
    1.50000000   151    0.30100000    1.15768825    1.15759674    1.15768824
    1.50000000   152    0.30300000    1.15586655    1.15578194    1.15586653
    1.50000000   153    0.30500000    1.15381739    1.15373970    1.15381737
    1.50000000   154    0.30700000    1.15153987    1.15146915    1.15153985
    1.50000000   155    0.30900000    1.14903318    1.14896945    1.14903316
    1.50000000   156    0.31100000    1.14629657    1.14623986    1.14629655
    1.50000000   157    0.31300000    1.14332937    1.14327972    1.14332935
    1.50000000   158    0.31500000    1.14013100    1.14008841    1.14013098
    1.50000000   159    0.31700000    1.13670092    1.13666543    1.13670090
    1.50000000   160    0.31900000    1.13303871    1.13301033    1.13303869
    1.50000000   161    0.32100000    1.12914398    1.12912274    1.12914396
    1.50000000   162    0.32300000    1.12501646    1.12500235    1.12501644
    1.50000000   163    0.32500000    1.12065592    1.12064896    1.12065589
    1.50000000   164    0.32700000    1.11606222    1.11606243    1.11606219
    1.50000000   165    0.32900000    1.11123530    1.11124268    1.11123528
    1.50000000   166    0.33100000    1.10617518    1.10618973    1.10617515
    1.50000000   167    0.33300000    1.10088194    1.10090366    1.10088191
    1.50000000   168    0.33500000    1.09535575    1.09538465    1.09535572
    1.50000000   169    0.33700000    1.08959685    1.08963292    1.08959683
    1.50000000   170    0.33900000    1.08360557    1.08364880    1.08360554
    1.50000000   171    0.34100000    1.07738229    1.07743268    1.07738227
    1.50000000   172    0.34300000    1.07092750    1.07098503    1.07092747
    1.50000000   173    0.34500000    1.06424173    1.06430639    1.06424171
    1.50000000   174    0.34700000    1.05732562    1.05739739    1.05732559
    1.50000000   175    0.34900000    1.05017986    1.05025872    1.05017984
    1.50000000   176    0.35100000    1.04280524    1.04289117    1.04280521
    1.50000000   177    0.35300000    1.03520259    1.03529557    1.03520256
    1.50000000   178    0.35500000    1.02737286    1.02747286    1.02737283
    1.50000000   179    0.35700000    1.01931704    1.01942403    1.01931701
    1.50000000   180    0.35900000    1.01103621    1.01115016    1.01103618
    1.50000000   181    0.36100000    1.00253152    1.00265240    1.00253149
    1.50000000   182    0.36300000    0.99380420    0.99393197    0.99380417
    1.50000000   183    0.36500000    0.98485555    0.98499017    0.98485552
    1.50000000   184    0.36700000    0.97568694    0.97582837    0.97568691
    1.50000000   185    0.36900000    0.96629982    0.96644802    0.96629979
    1.50000000   186    0.37100000    0.95669571    0.95685062    0.95669568
    1.50000000   187    0.37300000    0.94687619    0.94703778    0.94687616
    1.50000000   188    0.37500000    0.93684294    0.93701115    0.93684291
    1.50000000   189    0.37700000    0.92659768    0.92677246    0.92659765
    1.50000000   190    0.37900000    0.91614222    0.91632352    0.91614220
    1.50000000   191    0.38100000    0.90547844    0.90566619    0.90547841
    1.50000000   192    0.38300000    0.89460827    0.89480242    0.89460825
    1.50000000   193    0.38500000    0.88353374    0.88373422    0.88353371
    1.50000000   194    0.38700000    0.87225692    0.87246367    0.87225689
    1.50000000   195    0.38900000    0.86077995    0.86099291    0.86077992
    1.50000000   196    0.39100000    0.84910506    0.84932415    0.84910503
    1.50000000   197    0.39300000    0.83723452    0.83745968    0.83723450
    1.50000000   198    0.39500000    0.82517069    0.82540184    0.82517066
    1.50000000   199    0.39700000    0.81291597    0.81315303    0.81291594
    1.50000000   200    0.39900000    0.80047284    0.80071573    0.80047281
    1.50000000   201    0.40100000    0.78784383    0.78809248    0.78784380
    1.50000000   202    0.40300000    0.77503154    0.77528587    0.77503151
    1.50000000   203    0.40500000    0.76203864    0.76229857    0.76203861
    1.50000000   204    0.40700000    0.74886785    0.74913329    0.74886782
    1.50000000   205    0.40900000    0.73552195    0.73579280    0.73552192
    1.50000000   206    0.41100000    0.72200377    0.72227996    0.72200374
    1.50000000   207    0.41300000    0.70831622    0.70859765    0.70831619
    1.50000000   208    0.41500000    0.69446225    0.69474883    0.69446222
    1.50000000   209    0.41700000    0.68044487    0.68073650    0.68044484
    1.50000000   210    0.41900000    0.66626714    0.66656373    0.66626711
    1.50000000   211    0.42100000    0.65193218    0.65223363    0.65193215
    1.50000000   212    0.42300000    0.63744317    0.63774938    0.63744314
    1.50000000   213    0.42500000    0.62280333    0.62311419    0.62280330
    1.50000000   214    0.42700000    0.60801592    0.60833134    0.60801589
    1.50000000   215    0.42900000    0.59308428    0.59340415    0.59308425
    1.50000000   216    0.43100000    0.57801177    0.57833598    0.57801174
    1.50000000   217    0.43300000    0.56280181    0.56313026    0.56280179
    1.50000000   218    0.43500000    0.54745788    0.54779045    0.54745785
    1.50000000   219    0.43700000    0.53198346    0.53232005    0.53198344
    1.50000000   220    0.43900000    0.51638213    0.51672262    0.51638211
    1.50000000   221    0.44100000    0.50065748    0.50100176    0.50065745
    1.50000000   222    0.44300000    0.48481314    0.48516109    0.48481312
    1.50000000   223    0.44500000    0.46885280    0.46920430    0.46885277
    1.50000000   224    0.44700000    0.45278016    0.45313510    0.45278014
    1.50000000   225    0.44900000    0.43659899    0.43695725    0.43659896
    1.50000000   226    0.45100000    0.42031307    0.42067454    0.42031305
    1.50000000   227    0.45300000    0.40392624    0.40429078    0.40392622
    1.50000000   228    0.45500000    0.38744235    0.38780985    0.38744232
    1.50000000   229    0.45700000    0.37086529    0.37123562    0.37086527
    1.50000000   230    0.45900000    0.35419900    0.35457204    0.35419897
    1.50000000   231    0.46100000    0.33744741    0.33782304    0.33744739
    1.50000000   232    0.46300000    0.32061453    0.32099261    0.32061450
    1.50000000   233    0.46500000    0.30370435    0.30408476    0.30370433
    1.50000000   234    0.46700000    0.28672092    0.28710353    0.28672089
    1.50000000   235    0.46900000    0.26966829    0.27005298    0.26966827
    1.50000000   236    0.47100000    0.25255055    0.25293718    0.25255053
    1.50000000   237    0.47300000    0.23537180    0.23576025    0.23537178
    1.50000000   238    0.47500000    0.21813618    0.21852631    0.21813616
    1.50000000   239    0.47700000    0.20084783    0.20123951    0.20084781
    1.50000000   240    0.47900000    0.18351091    0.18390401    0.18351089
    1.50000000   241    0.48100000    0.16612960    0.16652400    0.16612958
    1.50000000   242    0.48300000    0.14870810    0.14910365    0.14870808
    1.50000000   243    0.48500000    0.13125062    0.13164719    0.13125060
    1.50000000   244    0.48700000    0.11376137    0.11415883    0.11376135
    1.50000000   245    0.48900000    0.09624460    0.09664281    0.09624458
    1.50000000   246    0.49100000    0.07870453    0.07910336    0.07870451
    1.50000000   247    0.49300000    0.06114541    0.06154473    0.06114540
    1.50000000   248    0.49500000    0.04357152    0.04397119    0.04357150
    1.50000000   249    0.49700000    0.02598709    0.02638698    0.02598707
    1.50000000   250    0.49900000    0.00839640    0.00879637    0.00839638
    1.50000000   251    0.50100000   -0.00919629   -0.00879637   -0.00919631
    1.50000000   252    0.50300000   -0.02678671   -0.02638698   -0.02678673
    1.50000000   253    0.50500000   -0.04437060   -0.04397119   -0.04437061
    1.50000000   254    0.50700000   -0.06194369   -0.06154473   -0.06194370
    1.50000000   255    0.50900000   -0.07950172   -0.07910336   -0.07950174
    1.50000000   256    0.51100000   -0.09704045   -0.09664281   -0.09704046
    1.50000000   257    0.51300000   -0.11455561   -0.11415883   -0.11455563
    1.50000000   258    0.51500000   -0.13204298   -0.13164719   -0.13204299
    1.50000000   259    0.51700000   -0.14949831   -0.14910365   -0.14949833
    1.50000000   260    0.51900000   -0.16691740   -0.16652400   -0.16691741
    1.50000000   261    0.52100000   -0.18429603   -0.18390401   -0.18429604
    1.50000000   262    0.52300000   -0.20163000   -0.20123951   -0.20163001
    1.50000000   263    0.52500000   -0.21891515   -0.21852631   -0.21891516
    1.50000000   264    0.52700000   -0.23614730   -0.23576025   -0.23614731
    1.50000000   265    0.52900000   -0.25332231   -0.25293718   -0.25332232
    1.50000000   266    0.53100000   -0.27043606   -0.27005298   -0.27043607
    1.50000000   267    0.53300000   -0.28748445   -0.28710353   -0.28748445
    1.50000000   268    0.53500000   -0.30446337   -0.30408476   -0.30446338
    1.50000000   269    0.53700000   -0.32136879   -0.32099261   -0.32136880
    1.50000000   270    0.53900000   -0.33819667   -0.33782304   -0.33819667
    1.50000000   271    0.54100000   -0.35494298   -0.35457204   -0.35494299
    1.50000000   272    0.54300000   -0.37160377   -0.37123562   -0.37160377
    1.50000000   273    0.54500000   -0.38817506   -0.38780985   -0.38817507
    1.50000000   274    0.54700000   -0.40465294   -0.40429078   -0.40465295
    1.50000000   275    0.54900000   -0.42103353   -0.42067454   -0.42103353
    1.50000000   276    0.55100000   -0.43731295   -0.43695725   -0.43731295
    1.50000000   277    0.55300000   -0.45348739   -0.45313510   -0.45348739
    1.50000000   278    0.55500000   -0.46955305   -0.46920430   -0.46955306
    1.50000000   279    0.55700000   -0.48550620   -0.48516109   -0.48550620
    1.50000000   280    0.55900000   -0.50134310   -0.50100176   -0.50134310
    1.50000000   281    0.56100000   -0.51706009   -0.51672262   -0.51706009
    1.50000000   282    0.56300000   -0.53265353   -0.53232005   -0.53265353
    1.50000000   283    0.56500000   -0.54811982   -0.54779045   -0.54811982
    1.50000000   284    0.56700000   -0.56345543   -0.56313026   -0.56345543
    1.50000000   285    0.56900000   -0.57865683   -0.57833598   -0.57865683
    1.50000000   286    0.57100000   -0.59372057   -0.59340415   -0.59372057
    1.50000000   287    0.57300000   -0.60864324   -0.60833134   -0.60864323
    1.50000000   288    0.57500000   -0.62342145   -0.62311419   -0.62342145
    1.50000000   289    0.57700000   -0.63805190   -0.63774938   -0.63805190
    1.50000000   290    0.57900000   -0.65253132   -0.65223363   -0.65253132
    1.50000000   291    0.58100000   -0.66685648   -0.66656373   -0.66685648
    1.50000000   292    0.58300000   -0.68102422   -0.68073650   -0.68102421
    1.50000000   293    0.58500000   -0.69503142   -0.69474883   -0.69503141
    1.50000000   294    0.58700000   -0.70887502   -0.70859765   -0.70887502
    1.50000000   295    0.58900000   -0.72255202   -0.72227996   -0.72255201
    1.50000000   296    0.59100000   -0.73605946   -0.73579280   -0.73605945
    1.50000000   297    0.59300000   -0.74939445   -0.74913329   -0.74939445
    1.50000000   298    0.59500000   -0.76255416   -0.76229857   -0.76255415
    1.50000000   299    0.59700000   -0.77553581   -0.77528587   -0.77553580
    1.50000000   300    0.59900000   -0.78833667   -0.78809248   -0.78833667
    1.50000000   301    0.60100000   -0.80095410   -0.80071573   -0.80095410
    1.50000000   302    0.60300000   -0.81338550   -0.81315303   -0.81338549
    1.50000000   303    0.60500000   -0.82562833   -0.82540184   -0.82562832
    1.50000000   304    0.60700000   -0.83768013   -0.83745968   -0.83768012
    1.50000000   305    0.60900000   -0.84953848   -0.84932415   -0.84953847
    1.50000000   306    0.61100000   -0.86120105   -0.86099291   -0.86120104
    1.50000000   307    0.61300000   -0.87266556   -0.87246367   -0.87266554
    1.50000000   308    0.61500000   -0.88392979   -0.88373422   -0.88392978
    1.50000000   309    0.61700000   -0.89499161   -0.89480242   -0.89499160
    1.50000000   310    0.61900000   -0.90584894   -0.90566619   -0.90584892
    1.50000000   311    0.62100000   -0.91649976   -0.91632352   -0.91649975
    1.50000000   312    0.62300000   -0.92694215   -0.92677246   -0.92694213
    1.50000000   313    0.62500000   -0.93717423   -0.93701115   -0.93717421
    1.50000000   314    0.62700000   -0.94719420   -0.94703778   -0.94719418
    1.50000000   315    0.62900000   -0.95700033   -0.95685062   -0.95700031
    1.50000000   316    0.63100000   -0.96659096   -0.96644802   -0.96659095
    1.50000000   317    0.63300000   -0.97596452   -0.97582837   -0.97596450
    1.50000000   318    0.63500000   -0.98511947   -0.98499017   -0.98511945
    1.50000000   319    0.63700000   -0.99405439   -0.99393197   -0.99405437
    1.50000000   320    0.63900000   -1.00276790   -1.00265240   -1.00276788
    1.50000000   321    0.64100000   -1.01125871   -1.01115016   -1.01125869
    1.50000000   322    0.64300000   -1.01952559   -1.01942403   -1.01952557
    1.50000000   323    0.64500000   -1.02756741   -1.02747286   -1.02756739
    1.50000000   324    0.64700000   -1.03538308   -1.03529557   -1.03538306
    1.50000000   325    0.64900000   -1.04297161   -1.04289117   -1.04297159
    1.50000000   326    0.65100000   -1.05033208   -1.05025872   -1.05033206
    1.50000000   327    0.65300000   -1.05746363   -1.05739739   -1.05746361
    1.50000000   328    0.65500000   -1.06436551   -1.06430639   -1.06436549
    1.50000000   329    0.65700000   -1.07103701   -1.07098503   -1.07103699
    1.50000000   330    0.65900000   -1.07747751   -1.07743268   -1.07747749
    1.50000000   331    0.66100000   -1.08368647   -1.08364880   -1.08368645
    1.50000000   332    0.66300000   -1.08966343   -1.08963292   -1.08966340
    1.50000000   333    0.66500000   -1.09540798   -1.09538465   -1.09540796
    1.50000000   334    0.66700000   -1.10091982   -1.10090366   -1.10091980
    1.50000000   335    0.66900000   -1.10619872   -1.10618973   -1.10619869
    1.50000000   336    0.67100000   -1.11124450   -1.11124268   -1.11124447
    1.50000000   337    0.67300000   -1.11605708   -1.11606243   -1.11605706
    1.50000000   338    0.67500000   -1.12063646   -1.12064896   -1.12063643
    1.50000000   339    0.67700000   -1.12498270   -1.12500235   -1.12498268
    1.50000000   340    0.67900000   -1.12909595   -1.12912274   -1.12909593
    1.50000000   341    0.68100000   -1.13297643   -1.13301033   -1.13297641
    1.50000000   342    0.68300000   -1.13662444   -1.13666543   -1.13662441
    1.50000000   343    0.68500000   -1.14004034   -1.14008841   -1.14004031
    1.50000000   344    0.68700000   -1.14322458   -1.14327972   -1.14322456
    1.50000000   345    0.68900000   -1.14617770   -1.14623986   -1.14617767
    1.50000000   346    0.69100000   -1.14890029   -1.14896945   -1.14890026
    1.50000000   347    0.69300000   -1.15139302   -1.15146915   -1.15139299
    1.50000000   348    0.69500000   -1.15365663   -1.15373970   -1.15365661
    1.50000000   349    0.69700000   -1.15569197   -1.15578194   -1.15569194
    1.50000000   350    0.69900000   -1.15749991   -1.15759674   -1.15749988
    1.50000000   351    0.70100000   -1.15908143   -1.15918509   -1.15908141
    1.50000000   352    0.70300000   -1.16043758   -1.16054802   -1.16043755
    1.50000000   353    0.70500000   -1.16156947   -1.16168664   -1.16156944
    1.50000000   354    0.70700000   -1.16247829   -1.16260215   -1.16247826
    1.50000000   355    0.70900000   -1.16316529   -1.16329579   -1.16316527
    1.50000000   356    0.71100000   -1.16363182   -1.16376890   -1.16363179
    1.50000000   357    0.71300000   -1.16387927   -1.16402288   -1.16387924
    1.50000000   358    0.71500000   -1.16390911   -1.16405920   -1.16390908
    1.50000000   359    0.71700000   -1.16372289   -1.16387940   -1.16372286
    1.50000000   360    0.71900000   -1.16332222   -1.16348508   -1.16332219
    1.50000000   361    0.72100000   -1.16270877   -1.16287792   -1.16270874
    1.50000000   362    0.72300000   -1.16188430   -1.16205968   -1.16188427
    1.50000000   363    0.72500000   -1.16085061   -1.16103215   -1.16085058
    1.50000000   364    0.72700000   -1.15960960   -1.15979722   -1.15960957
    1.50000000   365    0.72900000   -1.15816319   -1.15835683   -1.15816316
    1.50000000   366    0.73100000   -1.15651341   -1.15671299   -1.15651338
    1.50000000   367    0.73300000   -1.15466233   -1.15486777   -1.15466230
    1.50000000   368    0.73500000   -1.15261208   -1.15282331   -1.15261205
    1.50000000   369    0.73700000   -1.15036487   -1.15058180   -1.15036485
    1.50000000   370    0.73900000   -1.14792296   -1.14814552   -1.14792293
    1.50000000   371    0.74100000   -1.14528867   -1.14551677   -1.14528864
    1.50000000   372    0.74300000   -1.14246439   -1.14269793   -1.14246436
    1.50000000   373    0.74500000   -1.13945255   -1.13969145   -1.13945252
    1.50000000   374    0.74700000   -1.13625565   -1.13649983   -1.13625562
    1.50000000   375    0.74900000   -1.13287625   -1.13312562   -1.13287622
    1.50000000   376    0.75100000   -1.12931697   -1.12957142   -1.12931694
    1.50000000   377    0.75300000   -1.12558047   -1.12583991   -1.12558044
    1.50000000   378    0.75500000   -1.12166947   -1.12193381   -1.12166944
    1.50000000   379    0.75700000   -1.11758675   -1.11785588   -1.11758672
    1.50000000   380    0.75900000   -1.11333513   -1.11360896   -1.11333510
    1.50000000   381    0.76100000   -1.10891750   -1.10919592   -1.10891747
    1.50000000   382    0.76300000   -1.10433677   -1.10461968   -1.10433675
    1.50000000   383    0.76500000   -1.09959594   -1.09988323   -1.09959591
    1.50000000   384    0.76700000   -1.09469801   -1.09498958   -1.09469799
    1.50000000   385    0.76900000   -1.08964607   -1.08994181   -1.08964604
    1.50000000   386    0.77100000   -1.08444323   -1.08474302   -1.08444320
    1.50000000   387    0.77300000   -1.07909265   -1.07939639   -1.07909262
    1.50000000   388    0.77500000   -1.07359753   -1.07390510   -1.07359750
    1.50000000   389    0.77700000   -1.06796112   -1.06827242   -1.06796109
    1.50000000   390    0.77900000   -1.06218671   -1.06250161   -1.06218668
    1.50000000   391    0.78100000   -1.05627762   -1.05659601   -1.05627759
    1.50000000   392    0.78300000   -1.05023721   -1.05055897   -1.05023719
    1.50000000   393    0.78500000   -1.04406890   -1.04439391   -1.04406887
    1.50000000   394    0.78700000   -1.03777611   -1.03810425   -1.03777608
    1.50000000   395    0.78900000   -1.03136231   -1.03169347   -1.03136229
    1.50000000   396    0.79100000   -1.02483102   -1.02516506   -1.02483100
    1.50000000   397    0.79300000   -1.01818577   -1.01852257   -1.01818574
    1.50000000   398    0.79500000   -1.01143012   -1.01176956   -1.01143010
    1.50000000   399    0.79700000   -1.00456767   -1.00490963   -1.00456765
    1.50000000   400    0.79900000   -0.99760205   -0.99794640   -0.99760203
    1.50000000   401    0.80100000   -0.99053691   -0.99088352   -0.99053689
    1.50000000   402    0.80300000   -0.98337592   -0.98372467   -0.98337590
    1.50000000   403    0.80500000   -0.97612279   -0.97647355   -0.97612277
    1.50000000   404    0.80700000   -0.96878124   -0.96913387   -0.96878121
    1.50000000   405    0.80900000   -0.96135500   -0.96170939   -0.96135498
    1.50000000   406    0.81100000   -0.95384786   -0.95420386   -0.95384784
    1.50000000   407    0.81300000   -0.94626358   -0.94662107   -0.94626356
    1.50000000   408    0.81500000   -0.93860597   -0.93896482   -0.93860595
    1.50000000   409    0.81700000   -0.93087885   -0.93123892   -0.93087883
    1.50000000   410    0.81900000   -0.92308603   -0.92344721   -0.92308601
    1.50000000   411    0.82100000   -0.91523138   -0.91559351   -0.91523136
    1.50000000   412    0.82300000   -0.90731873   -0.90768170   -0.90731871
    1.50000000   413    0.82500000   -0.89935196   -0.89971562   -0.89935194
    1.50000000   414    0.82700000   -0.89133494   -0.89169916   -0.89133492
    1.50000000   415    0.82900000   -0.88327154   -0.88363619   -0.88327152
    1.50000000   416    0.83100000   -0.87516565   -0.87553060   -0.87516564
    1.50000000   417    0.83300000   -0.86702117   -0.86738628   -0.86702115
    1.50000000   418    0.83500000   -0.85884198   -0.85920712   -0.85884196
    1.50000000   419    0.83700000   -0.85063198   -0.85099702   -0.85063196
    1.50000000   420    0.83900000   -0.84239507   -0.84275987   -0.84239505
    1.50000000   421    0.84100000   -0.83413513   -0.83449956   -0.83413511
    1.50000000   422    0.84300000   -0.82585606   -0.82621999   -0.82585605
    1.50000000   423    0.84500000   -0.81756175   -0.81792504   -0.81756173
    1.50000000   424    0.84700000   -0.80925607   -0.80961860   -0.80925605
    1.50000000   425    0.84900000   -0.80094290   -0.80130453   -0.80094289
    1.50000000   426    0.85100000   -0.79262611   -0.79298670   -0.79262609
    1.50000000   427    0.85300000   -0.78430954   -0.78466898   -0.78430953
    1.50000000   428    0.85500000   -0.77599706   -0.77635520   -0.77599705
    1.50000000   429    0.85700000   -0.76769248   -0.76804919   -0.76769247
    1.50000000   430    0.85900000   -0.75939963   -0.75975479   -0.75939961
    1.50000000   431    0.86100000   -0.75112230   -0.75147578   -0.75112229
    1.50000000   432    0.86300000   -0.74286429   -0.74321595   -0.74286428
    1.50000000   433    0.86500000   -0.73462936   -0.73497908   -0.73462935
    1.50000000   434    0.86700000   -0.72642126   -0.72676891   -0.72642125
    1.50000000   435    0.86900000   -0.71824371   -0.71858917   -0.71824370
    1.50000000   436    0.87100000   -0.71010043   -0.71044357   -0.71010042
    1.50000000   437    0.87300000   -0.70199509   -0.70233578   -0.70199508
    1.50000000   438    0.87500000   -0.69393134   -0.69426947   -0.69393134
    1.50000000   439    0.87700000   -0.68591283   -0.68624827   -0.68591283
    1.50000000   440    0.87900000   -0.67794315   -0.67827577   -0.67794314
    1.50000000   441    0.88100000   -0.67002587   -0.67035556   -0.67002587
    1.50000000   442    0.88300000   -0.66216455   -0.66249118   -0.66216454
    1.50000000   443    0.88500000   -0.65436268   -0.65468614   -0.65436268
    1.50000000   444    0.88700000   -0.64662375   -0.64694392   -0.64662375
    1.50000000   445    0.88900000   -0.63895121   -0.63926798   -0.63895121
    1.50000000   446    0.89100000   -0.63134846   -0.63166171   -0.63134846
    1.50000000   447    0.89300000   -0.62381888   -0.62412849   -0.62381888
    1.50000000   448    0.89500000   -0.61636581   -0.61667167   -0.61636581
    1.50000000   449    0.89700000   -0.60899253   -0.60929453   -0.60899253
    1.50000000   450    0.89900000   -0.60170231   -0.60200035   -0.60170231
    1.50000000   451    0.90100000   -0.59449837   -0.59479232   -0.59449837
    1.50000000   452    0.90300000   -0.58738386   -0.58767364   -0.58738387
    1.50000000   453    0.90500000   -0.58036194   -0.58064742   -0.58036194
    1.50000000   454    0.90700000   -0.57343567   -0.57371676   -0.57343567
    1.50000000   455    0.90900000   -0.56660809   -0.56688469   -0.56660809
    1.50000000   456    0.91100000   -0.55988220   -0.56015421   -0.55988221
    1.50000000   457    0.91300000   -0.55326095   -0.55352826   -0.55326095
    1.50000000   458    0.91500000   -0.54674722   -0.54700974   -0.54674722
    1.50000000   459    0.91700000   -0.54034386   -0.54060149   -0.54034386
    1.50000000   460    0.91900000   -0.53405366   -0.53430631   -0.53405366
    1.50000000   461    0.92100000   -0.52787936   -0.52812695   -0.52787936
    1.50000000   462    0.92300000   -0.52182365   -0.52206608   -0.52182366
    1.50000000   463    0.92500000   -0.51588916   -0.51612634   -0.51588917
    1.50000000   464    0.92700000   -0.51007847   -0.51031032   -0.51007848
    1.50000000   465    0.92900000   -0.50439411   -0.50462053   -0.50439411
    1.50000000   466    0.93100000   -0.49883852   -0.49905945   -0.49883853
    1.50000000   467    0.93300000   -0.49341414   -0.49362949   -0.49341415
    1.50000000   468    0.93500000   -0.48812329   -0.48833298   -0.48812330
    1.50000000   469    0.93700000   -0.48296827   -0.48317223   -0.48296828
    1.50000000   470    0.93900000   -0.47795131   -0.47814946   -0.47795132
    1.50000000   471    0.94100000   -0.47307457   -0.47326684   -0.47307458
    1.50000000   472    0.94300000   -0.46834016   -0.46852648   -0.46834017
    1.50000000   473    0.94500000   -0.46375011   -0.46393042   -0.46375013
    1.50000000   474    0.94700000   -0.45930642   -0.45948064   -0.45930643
    1.50000000   475    0.94900000   -0.45501098   -0.45517906   -0.45501100
    1.50000000   476    0.95100000   -0.45086566   -0.45102753   -0.45086567
    1.50000000   477    0.95300000   -0.44687223   -0.44702783   -0.44687224
    1.50000000   478    0.95500000   -0.44303241   -0.44318169   -0.44303242
    1.50000000   479    0.95700000   -0.43934784   -0.43949076   -0.43934786
    1.50000000   480    0.95900000   -0.43582013   -0.43595661   -0.43582014
    1.50000000   481    0.96100000   -0.43245076   -0.43258077   -0.43245078
    1.50000000   482    0.96300000   -0.42924120   -0.42936469   -0.42924122
    1.50000000   483    0.96500000   -0.42619282   -0.42630974   -0.42619284
    1.50000000   484    0.96700000   -0.42330693   -0.42341724   -0.42330695
    1.50000000   485    0.96900000   -0.42058476   -0.42068841   -0.42058478
    1.50000000   486    0.97100000   -0.41802748   -0.41812445   -0.41802750
    1.50000000   487    0.97300000   -0.41563618   -0.41572643   -0.41563620
    1.50000000   488    0.97500000   -0.41341189   -0.41349538   -0.41341191
    1.50000000   489    0.97700000   -0.41135556   -0.41143227   -0.41135558
    1.50000000   490    0.97900000   -0.40946808   -0.40953797   -0.40946810
    1.50000000   491    0.98100000   -0.40775024   -0.40781329   -0.40775026
    1.50000000   492    0.98300000   -0.40620278   -0.40625897   -0.40620280
    1.50000000   493    0.98500000   -0.40482637   -0.40487568   -0.40482639
    1.50000000   494    0.98700000   -0.40362160   -0.40366400   -0.40362162
    1.50000000   495    0.98900000   -0.40258897   -0.40262446   -0.40258899
    1.50000000   496    0.99100000   -0.40172893   -0.40175750   -0.40172895
    1.50000000   497    0.99300000   -0.40104185   -0.40106348   -0.40104188
    1.50000000   498    0.99500000   -0.40052803   -0.40054271   -0.40052805
    1.50000000   499    0.99700000   -0.40018767   -0.40019540   -0.40018770
    1.50000000   500    0.99900000   -0.40002094   -0.40002171   -0.40002096
    1.50000000   501    1.00100000   -0.40002789   -0.40002171   -0.40002792
    1.50000000   502    1.00300000   -0.40020853   -0.40019540   -0.40020856
    1.50000000   503    1.00500000   -0.40056279   -0.40054271   -0.40056281
    1.50000000   504    1.00700000   -0.40109050   -0.40106348   -0.40109052
    1.50000000   505    1.00900000   -0.40179145   -0.40175750   -0.40179147
    1.50000000   506    1.01100000   -0.40266533   -0.40262446   -0.40266535
    1.50000000   507    1.01300000   -0.40371178   -0.40366400   -0.40371180
    1.50000000   508    1.01500000   -0.40493034   -0.40487568   -0.40493036
    1.50000000   509    1.01700000   -0.40632050   -0.40625897   -0.40632052
    1.50000000   510    1.01900000   -0.40788166   -0.40781329   -0.40788168
    1.50000000   511    1.02100000   -0.40961316   -0.40953797   -0.40961318
    1.50000000   512    1.02300000   -0.41151425   -0.41143227   -0.41151427
    1.50000000   513    1.02500000   -0.41358412   -0.41349538   -0.41358415
    1.50000000   514    1.02700000   -0.41582190   -0.41572643   -0.41582193
    1.50000000   515    1.02900000   -0.41822661   -0.41812445   -0.41822664
    1.50000000   516    1.03100000   -0.42079724   -0.42068841   -0.42079727
    1.50000000   517    1.03300000   -0.42353268   -0.42341724   -0.42353271
    1.50000000   518    1.03500000   -0.42643176   -0.42630974   -0.42643179
    1.50000000   519    1.03700000   -0.42949325   -0.42936469   -0.42949327
    1.50000000   520    1.03900000   -0.43271582   -0.43258077   -0.43271584
    1.50000000   521    1.04100000   -0.43609809   -0.43595661   -0.43609812
    1.50000000   522    1.04300000   -0.43963862   -0.43949076   -0.43963865
    1.50000000   523    1.04500000   -0.44333589   -0.44318169   -0.44333592
    1.50000000   524    1.04700000   -0.44718831   -0.44702783   -0.44718834
    1.50000000   525    1.04900000   -0.45119423   -0.45102753   -0.45119426
    1.50000000   526    1.05100000   -0.45535192   -0.45517906   -0.45535195
    1.50000000   527    1.05300000   -0.45965959   -0.45948064   -0.45965962
    1.50000000   528    1.05500000   -0.46411540   -0.46393042   -0.46411543
    1.50000000   529    1.05700000   -0.46871743   -0.46852648   -0.46871746
    1.50000000   530    1.05900000   -0.47346368   -0.47326684   -0.47346371
    1.50000000   531    1.06100000   -0.47835213   -0.47814946   -0.47835216
    1.50000000   532    1.06300000   -0.48338065   -0.48317223   -0.48338068
    1.50000000   533    1.06500000   -0.48854708   -0.48833298   -0.48854710
    1.50000000   534    1.06700000   -0.49384918   -0.49362949   -0.49384921
    1.50000000   535    1.06900000   -0.49928466   -0.49905945   -0.49928469
    1.50000000   536    1.07100000   -0.50485118   -0.50462053   -0.50485121
    1.50000000   537    1.07300000   -0.51054632   -0.51031032   -0.51054635
    1.50000000   538    1.07500000   -0.51636761   -0.51612634   -0.51636764
    1.50000000   539    1.07700000   -0.52231252   -0.52206608   -0.52231255
    1.50000000   540    1.07900000   -0.52837848   -0.52812695   -0.52837851
    1.50000000   541    1.08100000   -0.53456285   -0.53430631   -0.53456288
    1.50000000   542    1.08300000   -0.54086294   -0.54060149   -0.54086296
    1.50000000   543    1.08500000   -0.54727599   -0.54700974   -0.54727602
    1.50000000   544    1.08700000   -0.55379923   -0.55352826   -0.55379926
    1.50000000   545    1.08900000   -0.56042979   -0.56015421   -0.56042982
    1.50000000   546    1.09100000   -0.56716479   -0.56688469   -0.56716482
    1.50000000   547    1.09300000   -0.57400127   -0.57371676   -0.57400130
    1.50000000   548    1.09500000   -0.58093625   -0.58064742   -0.58093628
    1.50000000   549    1.09700000   -0.58796667   -0.58767364   -0.58796670
    1.50000000   550    1.09900000   -0.59508946   -0.59479232   -0.59508949
    1.50000000   551    1.10100000   -0.60230147   -0.60200035   -0.60230150
    1.50000000   552    1.10300000   -0.60959955   -0.60929453   -0.60959957
    1.50000000   553    1.10500000   -0.61698045   -0.61667167   -0.61698048
    1.50000000   554    1.10700000   -0.62444094   -0.62412849   -0.62444096
    1.50000000   555    1.10900000   -0.63197770   -0.63166171   -0.63197773
    1.50000000   556    1.11100000   -0.63958740   -0.63926798   -0.63958743
    1.50000000   557    1.11300000   -0.64726667   -0.64694392   -0.64726669
    1.50000000   558    1.11500000   -0.65501208   -0.65468614   -0.65501211
    1.50000000   559    1.11700000   -0.66282020   -0.66249118   -0.66282023
    1.50000000   560    1.11900000   -0.67068755   -0.67035556   -0.67068757
    1.50000000   561    1.12100000   -0.67861060   -0.67827577   -0.67861062
    1.50000000   562    1.12300000   -0.68658581   -0.68624827   -0.68658584
    1.50000000   563    1.12500000   -0.69460961   -0.69426947   -0.69460964
    1.50000000   564    1.12700000   -0.70267839   -0.70233578   -0.70267842
    1.50000000   565    1.12900000   -0.71078853   -0.71044357   -0.71078855
    1.50000000   566    1.13100000   -0.71893635   -0.71858917   -0.71893638
    1.50000000   567    1.13300000   -0.72711819   -0.72676891   -0.72711821
    1.50000000   568    1.13500000   -0.73533033   -0.73497908   -0.73533035
    1.50000000   569    1.13700000   -0.74356904   -0.74321595   -0.74356906
    1.50000000   570    1.13900000   -0.75183058   -0.75147578   -0.75183060
    1.50000000   571    1.14100000   -0.76011117   -0.75975479   -0.76011119
    1.50000000   572    1.14300000   -0.76840703   -0.76804919   -0.76840705
    1.50000000   573    1.14500000   -0.77671436   -0.77635520   -0.77671438
    1.50000000   574    1.14700000   -0.78502933   -0.78466898   -0.78502935
    1.50000000   575    1.14900000   -0.79334812   -0.79298670   -0.79334814
    1.50000000   576    1.15100000   -0.80166687   -0.80130453   -0.80166689
    1.50000000   577    1.15300000   -0.80998174   -0.80961860   -0.80998176
    1.50000000   578    1.15500000   -0.81828885   -0.81792504   -0.81828887
    1.50000000   579    1.15700000   -0.82658433   -0.82621999   -0.82658435
    1.50000000   580    1.15900000   -0.83486430   -0.83449956   -0.83486432
    1.50000000   581    1.16100000   -0.84312487   -0.84275987   -0.84312489
    1.50000000   582    1.16300000   -0.85136216   -0.85099702   -0.85136217
    1.50000000   583    1.16500000   -0.85957226   -0.85920712   -0.85957228
    1.50000000   584    1.16700000   -0.86775128   -0.86738628   -0.86775130
    1.50000000   585    1.16900000   -0.87589534   -0.87553060   -0.87589535
    1.50000000   586    1.17100000   -0.88400053   -0.88363619   -0.88400054
    1.50000000   587    1.17300000   -0.89206296   -0.89169916   -0.89206298
    1.50000000   588    1.17500000   -0.90007875   -0.89971562   -0.90007877
    1.50000000   589    1.17700000   -0.90804403   -0.90768170   -0.90804404
    1.50000000   590    1.17900000   -0.91595491   -0.91559351   -0.91595493
    1.50000000   591    1.18100000   -0.92380754   -0.92344721   -0.92380756
    1.50000000   592    1.18300000   -0.93159806   -0.93123892   -0.93159808
    1.50000000   593    1.18500000   -0.93932263   -0.93896482   -0.93932264
    1.50000000   594    1.18700000   -0.94697742   -0.94662107   -0.94697744
    1.50000000   595    1.18900000   -0.95455862   -0.95420386   -0.95455863
    1.50000000   596    1.19100000   -0.96206243   -0.96170939   -0.96206244
    1.50000000   597    1.19300000   -0.96948506   -0.96913387   -0.96948507
    1.50000000   598    1.19500000   -0.97682276   -0.97647355   -0.97682277
    1.50000000   599    1.19700000   -0.98407178   -0.98372467   -0.98407179
    1.50000000   600    1.19900000   -0.99122839   -0.99088352   -0.99122840
    1.50000000   601    1.20100000   -0.99828891   -0.99794640   -0.99828892
    1.50000000   602    1.20300000   -1.00524965   -1.00490963   -1.00524966
    1.50000000   603    1.20500000   -1.01210697   -1.01176956   -1.01210698
    1.50000000   604    1.20700000   -1.01885724   -1.01852257   -1.01885725
    1.50000000   605    1.20900000   -1.02549687   -1.02516506   -1.02549688
    1.50000000   606    1.21100000   -1.03202229   -1.03169347   -1.03202230
    1.50000000   607    1.21300000   -1.03842997   -1.03810425   -1.03842998
    1.50000000   608    1.21500000   -1.04471641   -1.04439391   -1.04471641
    1.50000000   609    1.21700000   -1.05087813   -1.05055897   -1.05087813
    1.50000000   610    1.21900000   -1.05691170   -1.05659601   -1.05691170
    1.50000000   611    1.22100000   -1.06281372   -1.06250161   -1.06281372
    1.50000000   612    1.22300000   -1.06858084   -1.06827242   -1.06858084
    1.50000000   613    1.22500000   -1.07420972   -1.07390510   -1.07420972
    1.50000000   614    1.22700000   -1.07969708   -1.07939639   -1.07969708
    1.50000000   615    1.22900000   -1.08503968   -1.08474302   -1.08503968
    1.50000000   616    1.23100000   -1.09023432   -1.08994181   -1.09023432
    1.50000000   617    1.23300000   -1.09527784   -1.09498958   -1.09527784
    1.50000000   618    1.23500000   -1.10016713   -1.09988323   -1.10016713
    1.50000000   619    1.23700000   -1.10489912   -1.10461968   -1.10489912
    1.50000000   620    1.23900000   -1.10947078   -1.10919592   -1.10947078
    1.50000000   621    1.24100000   -1.11387915   -1.11360896   -1.11387915
    1.50000000   622    1.24300000   -1.11812130   -1.11785588   -1.11812130
    1.50000000   623    1.24500000   -1.12219435   -1.12193381   -1.12219435
    1.50000000   624    1.24700000   -1.12609549   -1.12583991   -1.12609548
    1.50000000   625    1.24900000   -1.12982193   -1.12957142   -1.12982192
    1.50000000   626    1.25100000   -1.13337096   -1.13312562   -1.13337096
    1.50000000   627    1.25300000   -1.13673993   -1.13649983   -1.13673992
    1.50000000   628    1.25500000   -1.13992621   -1.13969145   -1.13992620
    1.50000000   629    1.25700000   -1.14292725   -1.14269793   -1.14292724
    1.50000000   630    1.25900000   -1.14574057   -1.14551677   -1.14574056
    1.50000000   631    1.26100000   -1.14836371   -1.14814552   -1.14836370
    1.50000000   632    1.26300000   -1.15079431   -1.15058180   -1.15079431
    1.50000000   633    1.26500000   -1.15303005   -1.15282331   -1.15303004
    1.50000000   634    1.26700000   -1.15506866   -1.15486777   -1.15506865
    1.50000000   635    1.26900000   -1.15690796   -1.15671299   -1.15690795
    1.50000000   636    1.27100000   -1.15854580   -1.15835683   -1.15854579
    1.50000000   637    1.27300000   -1.15998012   -1.15979722   -1.15998011
    1.50000000   638    1.27500000   -1.16120891   -1.16103215   -1.16120889
    1.50000000   639    1.27700000   -1.16223022   -1.16205968   -1.16223021
    1.50000000   640    1.27900000   -1.16304220   -1.16287792   -1.16304218
    1.50000000   641    1.28100000   -1.16364301   -1.16348508   -1.16364300
    1.50000000   642    1.28300000   -1.16403093   -1.16387940   -1.16403091
    1.50000000   643    1.28500000   -1.16420427   -1.16405920   -1.16420426
    1.50000000   644    1.28700000   -1.16416143   -1.16402288   -1.16416142
    1.50000000   645    1.28900000   -1.16390088   -1.16376890   -1.16390087
    1.50000000   646    1.29100000   -1.16342114   -1.16329579   -1.16342113
    1.50000000   647    1.29300000   -1.16272082   -1.16260215   -1.16272081
    1.50000000   648    1.29500000   -1.16179859   -1.16168664   -1.16179858
    1.50000000   649    1.29700000   -1.16065320   -1.16054802   -1.16065318
    1.50000000   650    1.29900000   -1.15928346   -1.15918509   -1.15928344
    1.50000000   651    1.30100000   -1.15768825   -1.15759674   -1.15768824
    1.50000000   652    1.30300000   -1.15586655   -1.15578194   -1.15586653
    1.50000000   653    1.30500000   -1.15381739   -1.15373970   -1.15381737
    1.50000000   654    1.30700000   -1.15153987   -1.15146915   -1.15153985
    1.50000000   655    1.30900000   -1.14903318   -1.14896945   -1.14903316
    1.50000000   656    1.31100000   -1.14629657   -1.14623986   -1.14629655
    1.50000000   657    1.31300000   -1.14332937   -1.14327972   -1.14332935
    1.50000000   658    1.31500000   -1.14013100   -1.14008841   -1.14013098
    1.50000000   659    1.31700000   -1.13670092   -1.13666543   -1.13670090
    1.50000000   660    1.31900000   -1.13303871   -1.13301033   -1.13303869
    1.50000000   661    1.32100000   -1.12914398   -1.12912274   -1.12914396
    1.50000000   662    1.32300000   -1.12501646   -1.12500235   -1.12501644
    1.50000000   663    1.32500000   -1.12065592   -1.12064896   -1.12065589
    1.50000000   664    1.32700000   -1.11606222   -1.11606243   -1.11606219
    1.50000000   665    1.32900000   -1.11123530   -1.11124268   -1.11123528
    1.50000000   666    1.33100000   -1.10617518   -1.10618973   -1.10617515
    1.50000000   667    1.33300000   -1.10088194   -1.10090366   -1.10088191
    1.50000000   668    1.33500000   -1.09535575   -1.09538465   -1.09535572
    1.50000000   669    1.33700000   -1.08959685   -1.08963292   -1.08959683
    1.50000000   670    1.33900000   -1.08360557   -1.08364880   -1.08360554
    1.50000000   671    1.34100000   -1.07738229   -1.07743268   -1.07738227
    1.50000000   672    1.34300000   -1.07092750   -1.07098503   -1.07092747
    1.50000000   673    1.34500000   -1.06424173   -1.06430639   -1.06424171
    1.50000000   674    1.34700000   -1.05732562   -1.05739739   -1.05732559
    1.50000000   675    1.34900000   -1.05017986   -1.05025872   -1.05017984
    1.50000000   676    1.35100000   -1.04280524   -1.04289117   -1.04280521
    1.50000000   677    1.35300000   -1.03520259   -1.03529557   -1.03520256
    1.50000000   678    1.35500000   -1.02737286   -1.02747286   -1.02737283
    1.50000000   679    1.35700000   -1.01931704   -1.01942403   -1.01931701
    1.50000000   680    1.35900000   -1.01103621   -1.01115016   -1.01103618
    1.50000000   681    1.36100000   -1.00253152   -1.00265240   -1.00253149
    1.50000000   682    1.36300000   -0.99380420   -0.99393197   -0.99380417
    1.50000000   683    1.36500000   -0.98485555   -0.98499017   -0.98485552
    1.50000000   684    1.36700000   -0.97568694   -0.97582837   -0.97568691
    1.50000000   685    1.36900000   -0.96629982   -0.96644802   -0.96629979
    1.50000000   686    1.37100000   -0.95669571   -0.95685062   -0.95669568
    1.50000000   687    1.37300000   -0.94687619   -0.94703778   -0.94687616
    1.50000000   688    1.37500000   -0.93684294   -0.93701115   -0.93684291
    1.50000000   689    1.37700000   -0.92659768   -0.92677246   -0.92659765
    1.50000000   690    1.37900000   -0.91614222   -0.91632352   -0.91614220
    1.50000000   691    1.38100000   -0.90547844   -0.90566619   -0.90547841
    1.50000000   692    1.38300000   -0.89460827   -0.89480242   -0.89460825
    1.50000000   693    1.38500000   -0.88353374   -0.88373422   -0.88353371
    1.50000000   694    1.38700000   -0.87225692   -0.87246367   -0.87225689
    1.50000000   695    1.38900000   -0.86077995   -0.86099291   -0.86077992
    1.50000000   696    1.39100000   -0.84910506   -0.84932415   -0.84910503
    1.50000000   697    1.39300000   -0.83723452   -0.83745968   -0.83723450
    1.50000000   698    1.39500000   -0.82517069   -0.82540184   -0.82517066
    1.50000000   699    1.39700000   -0.81291597   -0.81315303   -0.81291594
    1.50000000   700    1.39900000   -0.80047284   -0.80071573   -0.80047281
    1.50000000   701    1.40100000   -0.78784383   -0.78809248   -0.78784380
    1.50000000   702    1.40300000   -0.77503154   -0.77528587   -0.77503151
    1.50000000   703    1.40500000   -0.76203864   -0.76229857   -0.76203861
    1.50000000   704    1.40700000   -0.74886785   -0.74913329   -0.74886782
    1.50000000   705    1.40900000   -0.73552195   -0.73579280   -0.73552192
    1.50000000   706    1.41100000   -0.72200377   -0.72227996   -0.72200374
    1.50000000   707    1.41300000   -0.70831622   -0.70859765   -0.70831619
    1.50000000   708    1.41500000   -0.69446225   -0.69474883   -0.69446222
    1.50000000   709    1.41700000   -0.68044487   -0.68073650   -0.68044484
    1.50000000   710    1.41900000   -0.66626714   -0.66656373   -0.66626711
    1.50000000   711    1.42100000   -0.65193218   -0.65223363   -0.65193215
    1.50000000   712    1.42300000   -0.63744317   -0.63774938   -0.63744314
    1.50000000   713    1.42500000   -0.62280333   -0.62311419   -0.62280330
    1.50000000   714    1.42700000   -0.60801592   -0.60833134   -0.60801589
    1.50000000   715    1.42900000   -0.59308428   -0.59340415   -0.59308425
    1.50000000   716    1.43100000   -0.57801177   -0.57833598   -0.57801174
    1.50000000   717    1.43300000   -0.56280181   -0.56313026   -0.56280179
    1.50000000   718    1.43500000   -0.54745788   -0.54779045   -0.54745785
    1.50000000   719    1.43700000   -0.53198346   -0.53232005   -0.53198344
    1.50000000   720    1.43900000   -0.51638213   -0.51672262   -0.51638211
    1.50000000   721    1.44100000   -0.50065748   -0.50100176   -0.50065745
    1.50000000   722    1.44300000   -0.48481314   -0.48516109   -0.48481312
    1.50000000   723    1.44500000   -0.46885280   -0.46920430   -0.46885277
    1.50000000   724    1.44700000   -0.45278016   -0.45313510   -0.45278014
    1.50000000   725    1.44900000   -0.43659899   -0.43695725   -0.43659896
    1.50000000   726    1.45100000   -0.42031307   -0.42067454   -0.42031305
    1.50000000   727    1.45300000   -0.40392624   -0.40429078   -0.40392622
    1.50000000   728    1.45500000   -0.38744235   -0.38780985   -0.38744232
    1.50000000   729    1.45700000   -0.37086529   -0.37123562   -0.37086527
    1.50000000   730    1.45900000   -0.35419900   -0.35457204   -0.35419897
    1.50000000   731    1.46100000   -0.33744741   -0.33782304   -0.33744739
    1.50000000   732    1.46300000   -0.32061453   -0.32099261   -0.32061450
    1.50000000   733    1.46500000   -0.30370435   -0.30408476   -0.30370433
    1.50000000   734    1.46700000   -0.28672092   -0.28710353   -0.28672089
    1.50000000   735    1.46900000   -0.26966829   -0.27005298   -0.26966827
    1.50000000   736    1.47100000   -0.25255055   -0.25293718   -0.25255053
    1.50000000   737    1.47300000   -0.23537180   -0.23576025   -0.23537178
    1.50000000   738    1.47500000   -0.21813618   -0.21852631   -0.21813616
    1.50000000   739    1.47700000   -0.20084783   -0.20123951   -0.20084781
    1.50000000   740    1.47900000   -0.18351091   -0.18390401   -0.18351089
    1.50000000   741    1.48100000   -0.16612960   -0.16652400   -0.16612958
    1.50000000   742    1.48300000   -0.14870810   -0.14910365   -0.14870808
    1.50000000   743    1.48500000   -0.13125062   -0.13164719   -0.13125060
    1.50000000   744    1.48700000   -0.11376137   -0.11415883   -0.11376135
    1.50000000   745    1.48900000   -0.09624460   -0.09664281   -0.09624458
    1.50000000   746    1.49100000   -0.07870453   -0.07910336   -0.07870451
    1.50000000   747    1.49300000   -0.06114541   -0.06154473   -0.06114540
    1.50000000   748    1.49500000   -0.04357152   -0.04397119   -0.04357150
    1.50000000   749    1.49700000   -0.02598709   -0.02638698   -0.02598707
    1.50000000   750    1.49900000   -0.00839640   -0.00879637   -0.00839638
    1.50000000   751    1.50100000    0.00919629    0.00879637    0.00919631
    1.50000000   752    1.50300000    0.02678671    0.02638698    0.02678673
    1.50000000   753    1.50500000    0.04437060    0.04397119    0.04437061
    1.50000000   754    1.50700000    0.06194369    0.06154473    0.06194370
    1.50000000   755    1.50900000    0.07950172    0.07910336    0.07950174
    1.50000000   756    1.51100000    0.09704045    0.09664281    0.09704046
    1.50000000   757    1.51300000    0.11455561    0.11415883    0.11455563
    1.50000000   758    1.51500000    0.13204298    0.13164719    0.13204299
    1.50000000   759    1.51700000    0.14949831    0.14910365    0.14949833
    1.50000000   760    1.51900000    0.16691740    0.16652400    0.16691741
    1.50000000   761    1.52100000    0.18429603    0.18390401    0.18429604
    1.50000000   762    1.52300000    0.20163000    0.20123951    0.20163001
    1.50000000   763    1.52500000    0.21891515    0.21852631    0.21891516
    1.50000000   764    1.52700000    0.23614730    0.23576025    0.23614731
    1.50000000   765    1.52900000    0.25332231    0.25293718    0.25332232
    1.50000000   766    1.53100000    0.27043606    0.27005298    0.27043607
    1.50000000   767    1.53300000    0.28748445    0.28710353    0.28748445
    1.50000000   768    1.53500000    0.30446337    0.30408476    0.30446338
    1.50000000   769    1.53700000    0.32136879    0.32099261    0.32136880
    1.50000000   770    1.53900000    0.33819667    0.33782304    0.33819667
    1.50000000   771    1.54100000    0.35494298    0.35457204    0.35494299
    1.50000000   772    1.54300000    0.37160377    0.37123562    0.37160377
    1.50000000   773    1.54500000    0.38817506    0.38780985    0.38817507
    1.50000000   774    1.54700000    0.40465294    0.40429078    0.40465295
    1.50000000   775    1.54900000    0.42103353    0.42067454    0.42103353
    1.50000000   776    1.55100000    0.43731295    0.43695725    0.43731295
    1.50000000   777    1.55300000    0.45348739    0.45313510    0.45348739
    1.50000000   778    1.55500000    0.46955305    0.46920430    0.46955306
    1.50000000   779    1.55700000    0.48550620    0.48516109    0.48550620
    1.50000000   780    1.55900000    0.50134310    0.50100176    0.50134310
    1.50000000   781    1.56100000    0.51706009    0.51672262    0.51706009
    1.50000000   782    1.56300000    0.53265353    0.53232005    0.53265353
    1.50000000   783    1.56500000    0.54811982    0.54779045    0.54811982
    1.50000000   784    1.56700000    0.56345543    0.56313026    0.56345543
    1.50000000   785    1.56900000    0.57865683    0.57833598    0.57865683
    1.50000000   786    1.57100000    0.59372057    0.59340415    0.59372057
    1.50000000   787    1.57300000    0.60864324    0.60833134    0.60864323
    1.50000000   788    1.57500000    0.62342145    0.62311419    0.62342145
    1.50000000   789    1.57700000    0.63805190    0.63774938    0.63805190
    1.50000000   790    1.57900000    0.65253132    0.65223363    0.65253132
    1.50000000   791    1.58100000    0.66685648    0.66656373    0.66685648
    1.50000000   792    1.58300000    0.68102422    0.68073650    0.68102421
    1.50000000   793    1.58500000    0.69503142    0.69474883    0.69503141
    1.50000000   794    1.58700000    0.70887502    0.70859765    0.70887502
    1.50000000   795    1.58900000    0.72255202    0.72227996    0.72255201
    1.50000000   796    1.59100000    0.73605946    0.73579280    0.73605945
    1.50000000   797    1.59300000    0.74939445    0.74913329    0.74939445
    1.50000000   798    1.59500000    0.76255416    0.76229857    0.76255415
    1.50000000   799    1.59700000    0.77553581    0.77528587    0.77553580
    1.50000000   800    1.59900000    0.78833667    0.78809248    0.78833667
    1.50000000   801    1.60100000    0.80095410    0.80071573    0.80095410
    1.50000000   802    1.60300000    0.81338550    0.81315303    0.81338549
    1.50000000   803    1.60500000    0.82562833    0.82540184    0.82562832
    1.50000000   804    1.60700000    0.83768013    0.83745968    0.83768012
    1.50000000   805    1.60900000    0.84953848    0.84932415    0.84953847
    1.50000000   806    1.61100000    0.86120105    0.86099291    0.86120104
    1.50000000   807    1.61300000    0.87266556    0.87246367    0.87266554
    1.50000000   808    1.61500000    0.88392979    0.88373422    0.88392978
    1.50000000   809    1.61700000    0.89499161    0.89480242    0.89499160
    1.50000000   810    1.61900000    0.90584894    0.90566619    0.90584892
    1.50000000   811    1.62100000    0.91649976    0.91632352    0.91649975
    1.50000000   812    1.62300000    0.92694215    0.92677246    0.92694213
    1.50000000   813    1.62500000    0.93717423    0.93701115    0.93717421
    1.50000000   814    1.62700000    0.94719420    0.94703778    0.94719418
    1.50000000   815    1.62900000    0.95700033    0.95685062    0.95700031
    1.50000000   816    1.63100000    0.96659096    0.96644802    0.96659095
    1.50000000   817    1.63300000    0.97596452    0.97582837    0.97596450
    1.50000000   818    1.63500000    0.98511947    0.98499017    0.98511945
    1.50000000   819    1.63700000    0.99405439    0.99393197    0.99405437
    1.50000000   820    1.63900000    1.00276790    1.00265240    1.00276788
    1.50000000   821    1.64100000    1.01125871    1.01115016    1.01125869
    1.50000000   822    1.64300000    1.01952559    1.01942403    1.01952557
    1.50000000   823    1.64500000    1.02756741    1.02747286    1.02756739
    1.50000000   824    1.64700000    1.03538308    1.03529557    1.03538306
    1.50000000   825    1.64900000    1.04297161    1.04289117    1.04297159
    1.50000000   826    1.65100000    1.05033208    1.05025872    1.05033206
    1.50000000   827    1.65300000    1.05746363    1.05739739    1.05746361
    1.50000000   828    1.65500000    1.06436551    1.06430639    1.06436549
    1.50000000   829    1.65700000    1.07103701    1.07098503    1.07103699
    1.50000000   830    1.65900000    1.07747751    1.07743268    1.07747749
    1.50000000   831    1.66100000    1.08368647    1.08364880    1.08368645
    1.50000000   832    1.66300000    1.08966343    1.08963292    1.08966340
    1.50000000   833    1.66500000    1.09540798    1.09538465    1.09540796
    1.50000000   834    1.66700000    1.10091982    1.10090366    1.10091980
    1.50000000   835    1.66900000    1.10619872    1.10618973    1.10619869
    1.50000000   836    1.67100000    1.11124450    1.11124268    1.11124447
    1.50000000   837    1.67300000    1.11605708    1.11606243    1.11605706
    1.50000000   838    1.67500000    1.12063646    1.12064896    1.12063643
    1.50000000   839    1.67700000    1.12498270    1.12500235    1.12498268
    1.50000000   840    1.67900000    1.12909595    1.12912274    1.12909593
    1.50000000   841    1.68100000    1.13297643    1.13301033    1.13297641
    1.50000000   842    1.68300000    1.13662444    1.13666543    1.13662441
    1.50000000   843    1.68500000    1.14004034    1.14008841    1.14004031
    1.50000000   844    1.68700000    1.14322458    1.14327972    1.14322456
    1.50000000   845    1.68900000    1.14617770    1.14623986    1.14617767
    1.50000000   846    1.69100000    1.14890029    1.14896945    1.14890026
    1.50000000   847    1.69300000    1.15139302    1.15146915    1.15139299
    1.50000000   848    1.69500000    1.15365663    1.15373970    1.15365661
    1.50000000   849    1.69700000    1.15569197    1.15578194    1.15569194
    1.50000000   850    1.69900000    1.15749991    1.15759674    1.15749988
    1.50000000   851    1.70100000    1.15908143    1.15918509    1.15908141
    1.50000000   852    1.70300000    1.16043758    1.16054802    1.16043755
    1.50000000   853    1.70500000    1.16156947    1.16168664    1.16156944
    1.50000000   854    1.70700000    1.16247829    1.16260215    1.16247826
    1.50000000   855    1.70900000    1.16316529    1.16329579    1.16316527
    1.50000000   856    1.71100000    1.16363182    1.16376890    1.16363179
    1.50000000   857    1.71300000    1.16387927    1.16402288    1.16387924
    1.50000000   858    1.71500000    1.16390911    1.16405920    1.16390908
    1.50000000   859    1.71700000    1.16372289    1.16387940    1.16372286
    1.50000000   860    1.71900000    1.16332222    1.16348508    1.16332219
    1.50000000   861    1.72100000    1.16270877    1.16287792    1.16270874
    1.50000000   862    1.72300000    1.16188430    1.16205968    1.16188427
    1.50000000   863    1.72500000    1.16085061    1.16103215    1.16085058
    1.50000000   864    1.72700000    1.15960960    1.15979722    1.15960957
    1.50000000   865    1.72900000    1.15816319    1.15835683    1.15816316
    1.50000000   866    1.73100000    1.15651341    1.15671299    1.15651338
    1.50000000   867    1.73300000    1.15466233    1.15486777    1.15466230
    1.50000000   868    1.73500000    1.15261208    1.15282331    1.15261205
    1.50000000   869    1.73700000    1.15036487    1.15058180    1.15036485
    1.50000000   870    1.73900000    1.14792296    1.14814552    1.14792293
    1.50000000   871    1.74100000    1.14528867    1.14551677    1.14528864
    1.50000000   872    1.74300000    1.14246439    1.14269793    1.14246436
    1.50000000   873    1.74500000    1.13945255    1.13969145    1.13945252
    1.50000000   874    1.74700000    1.13625565    1.13649983    1.13625562
    1.50000000   875    1.74900000    1.13287625    1.13312562    1.13287622
    1.50000000   876    1.75100000    1.12931697    1.12957142    1.12931694
    1.50000000   877    1.75300000    1.12558047    1.12583991    1.12558044
    1.50000000   878    1.75500000    1.12166947    1.12193381    1.12166944
    1.50000000   879    1.75700000    1.11758675    1.11785588    1.11758672
    1.50000000   880    1.75900000    1.11333513    1.11360896    1.11333510
    1.50000000   881    1.76100000    1.10891750    1.10919592    1.10891747
    1.50000000   882    1.76300000    1.10433677    1.10461968    1.10433675
    1.50000000   883    1.76500000    1.09959594    1.09988323    1.09959591
    1.50000000   884    1.76700000    1.09469801    1.09498958    1.09469799
    1.50000000   885    1.76900000    1.08964607    1.08994181    1.08964604
    1.50000000   886    1.77100000    1.08444323    1.08474302    1.08444320
    1.50000000   887    1.77300000    1.07909265    1.07939639    1.07909262
    1.50000000   888    1.77500000    1.07359753    1.07390510    1.07359750
    1.50000000   889    1.77700000    1.06796112    1.06827242    1.06796109
    1.50000000   890    1.77900000    1.06218671    1.06250161    1.06218668
    1.50000000   891    1.78100000    1.05627762    1.05659601    1.05627759
    1.50000000   892    1.78300000    1.05023721    1.05055897    1.05023719
    1.50000000   893    1.78500000    1.04406890    1.04439391    1.04406887
    1.50000000   894    1.78700000    1.03777611    1.03810425    1.03777608
    1.50000000   895    1.78900000    1.03136231    1.03169347    1.03136229
    1.50000000   896    1.79100000    1.02483102    1.02516506    1.02483100
    1.50000000   897    1.79300000    1.01818577    1.01852257    1.01818574
    1.50000000   898    1.79500000    1.01143012    1.01176956    1.01143010
    1.50000000   899    1.79700000    1.00456767    1.00490963    1.00456765
    1.50000000   900    1.79900000    0.99760205    0.99794640    0.99760203
    1.50000000   901    1.80100000    0.99053691    0.99088352    0.99053689
    1.50000000   902    1.80300000    0.98337592    0.98372467    0.98337590
    1.50000000   903    1.80500000    0.97612279    0.97647355    0.97612277
    1.50000000   904    1.80700000    0.96878124    0.96913387    0.96878121
    1.50000000   905    1.80900000    0.96135500    0.96170939    0.96135498
    1.50000000   906    1.81100000    0.95384786    0.95420386    0.95384784
    1.50000000   907    1.81300000    0.94626358    0.94662107    0.94626356
    1.50000000   908    1.81500000    0.93860597    0.93896482    0.93860595
    1.50000000   909    1.81700000    0.93087885    0.93123892    0.93087883
    1.50000000   910    1.81900000    0.92308603    0.92344721    0.92308601
    1.50000000   911    1.82100000    0.91523138    0.91559351    0.91523136
    1.50000000   912    1.82300000    0.90731873    0.90768170    0.90731871
    1.50000000   913    1.82500000    0.89935196    0.89971562    0.89935194
    1.50000000   914    1.82700000    0.89133494    0.89169916    0.89133492
    1.50000000   915    1.82900000    0.88327154    0.88363619    0.88327152
    1.50000000   916    1.83100000    0.87516565    0.87553060    0.87516564
    1.50000000   917    1.83300000    0.86702117    0.86738628    0.86702115
    1.50000000   918    1.83500000    0.85884198    0.85920712    0.85884196
    1.50000000   919    1.83700000    0.85063198    0.85099702    0.85063196
    1.50000000   920    1.83900000    0.84239507    0.84275987    0.84239505
    1.50000000   921    1.84100000    0.83413513    0.83449956    0.83413511
    1.50000000   922    1.84300000    0.82585606    0.82621999    0.82585605
    1.50000000   923    1.84500000    0.81756175    0.81792504    0.81756173
    1.50000000   924    1.84700000    0.80925607    0.80961860    0.80925605
    1.50000000   925    1.84900000    0.80094290    0.80130453    0.80094289
    1.50000000   926    1.85100000    0.79262611    0.79298670    0.79262609
    1.50000000   927    1.85300000    0.78430954    0.78466898    0.78430953
    1.50000000   928    1.85500000    0.77599706    0.77635520    0.77599705
    1.50000000   929    1.85700000    0.76769248    0.76804919    0.76769247
    1.50000000   930    1.85900000    0.75939963    0.75975479    0.75939961
    1.50000000   931    1.86100000    0.75112230    0.75147578    0.75112229
    1.50000000   932    1.86300000    0.74286429    0.74321595    0.74286428
    1.50000000   933    1.86500000    0.73462936    0.73497908    0.73462935
    1.50000000   934    1.86700000    0.72642126    0.72676891    0.72642125
    1.50000000   935    1.86900000    0.71824371    0.71858917    0.71824370
    1.50000000   936    1.87100000    0.71010043    0.71044357    0.71010042
    1.50000000   937    1.87300000    0.70199509    0.70233578    0.70199508
    1.50000000   938    1.87500000    0.69393134    0.69426947    0.69393134
    1.50000000   939    1.87700000    0.68591283    0.68624827    0.68591283
    1.50000000   940    1.87900000    0.67794315    0.67827577    0.67794314
    1.50000000   941    1.88100000    0.67002587    0.67035556    0.67002587
    1.50000000   942    1.88300000    0.66216455    0.66249118    0.66216454
    1.50000000   943    1.88500000    0.65436268    0.65468614    0.65436268
    1.50000000   944    1.88700000    0.64662375    0.64694392    0.64662375
    1.50000000   945    1.88900000    0.63895121    0.63926798    0.63895121
    1.50000000   946    1.89100000    0.63134846    0.63166171    0.63134846
    1.50000000   947    1.89300000    0.62381888    0.62412849    0.62381888
    1.50000000   948    1.89500000    0.61636581    0.61667167    0.61636581
    1.50000000   949    1.89700000    0.60899253    0.60929453    0.60899253
    1.50000000   950    1.89900000    0.60170231    0.60200035    0.60170231
    1.50000000   951    1.90100000    0.59449837    0.59479232    0.59449837
    1.50000000   952    1.90300000    0.58738386    0.58767364    0.58738387
    1.50000000   953    1.90500000    0.58036194    0.58064742    0.58036194
    1.50000000   954    1.90700000    0.57343567    0.57371676    0.57343567
    1.50000000   955    1.90900000    0.56660809    0.56688469    0.56660809
    1.50000000   956    1.91100000    0.55988220    0.56015421    0.55988221
    1.50000000   957    1.91300000    0.55326095    0.55352826    0.55326095
    1.50000000   958    1.91500000    0.54674722    0.54700974    0.54674722
    1.50000000   959    1.91700000    0.54034386    0.54060149    0.54034386
    1.50000000   960    1.91900000    0.53405366    0.53430631    0.53405366
    1.50000000   961    1.92100000    0.52787936    0.52812695    0.52787936
    1.50000000   962    1.92300000    0.52182365    0.52206608    0.52182366
    1.50000000   963    1.92500000    0.51588916    0.51612634    0.51588917
    1.50000000   964    1.92700000    0.51007847    0.51031032    0.51007848
    1.50000000   965    1.92900000    0.50439411    0.50462053    0.50439411
    1.50000000   966    1.93100000    0.49883852    0.49905945    0.49883853
    1.50000000   967    1.93300000    0.49341414    0.49362949    0.49341415
    1.50000000   968    1.93500000    0.48812329    0.48833298    0.48812330
    1.50000000   969    1.93700000    0.48296827    0.48317223    0.48296828
    1.50000000   970    1.93900000    0.47795131    0.47814946    0.47795132
    1.50000000   971    1.94100000    0.47307457    0.47326684    0.47307458
    1.50000000   972    1.94300000    0.46834016    0.46852648    0.46834017
    1.50000000   973    1.94500000    0.46375011    0.46393042    0.46375013
    1.50000000   974    1.94700000    0.45930642    0.45948064    0.45930643
    1.50000000   975    1.94900000    0.45501098    0.45517906    0.45501100
    1.50000000   976    1.95100000    0.45086566    0.45102753    0.45086567
    1.50000000   977    1.95300000    0.44687223    0.44702783    0.44687224
    1.50000000   978    1.95500000    0.44303241    0.44318169    0.44303242
    1.50000000   979    1.95700000    0.43934784    0.43949076    0.43934786
    1.50000000   980    1.95900000    0.43582013    0.43595661    0.43582014
    1.50000000   981    1.96100000    0.43245076    0.43258077    0.43245078
    1.50000000   982    1.96300000    0.42924120    0.42936469    0.42924122
    1.50000000   983    1.96500000    0.42619282    0.42630974    0.42619284
    1.50000000   984    1.96700000    0.42330693    0.42341724    0.42330695
    1.50000000   985    1.96900000    0.42058476    0.42068841    0.42058478
    1.50000000   986    1.97100000    0.41802748    0.41812445    0.41802750
    1.50000000   987    1.97300000    0.41563618    0.41572643    0.41563620
    1.50000000   988    1.97500000    0.41341189    0.41349538    0.41341191
    1.50000000   989    1.97700000    0.41135556    0.41143227    0.41135558
    1.50000000   990    1.97900000    0.40946808    0.40953797    0.40946810
    1.50000000   991    1.98100000    0.40775024    0.40781329    0.40775026
    1.50000000   992    1.98300000    0.40620278    0.40625897    0.40620280
    1.50000000   993    1.98500000    0.40482637    0.40487568    0.40482639
    1.50000000   994    1.98700000    0.40362160    0.40366400    0.40362162
    1.50000000   995    1.98900000    0.40258897    0.40262446    0.40258899
    1.50000000   996    1.99100000    0.40172893    0.40175750    0.40172895
    1.50000000   997    1.99300000    0.40104185    0.40106348    0.40104188
    1.50000000   998    1.99500000    0.40052803    0.40054271    0.40052805
    1.50000000   999    1.99700000    0.40018767    0.40019540    0.40018770
    1.50000000  1000    1.99900000    0.40002094    0.40002171    0.40002096
