    1.50000000     1    0.05000000    1.08925238    0.45308443    1.12633230
    1.50000000     2    0.15000000    1.21026037    0.79714585    1.19745061
    1.50000000     3    0.25000000    0.95663273    1.13137085    0.90417019
    1.50000000     4    0.35000000    0.39448695    1.04660350    0.34519288
    1.50000000     5    0.45000000   -0.20270922    0.42882876   -0.20869022
    1.50000000     6    0.55000000   -0.56099596   -0.42882876   -0.51924385
    1.50000000     7    0.65000000   -0.61040471   -1.04660350   -0.55581805
    1.50000000     8    0.75000000   -0.52057730   -1.13137085   -0.49855514
    1.50000000     9    0.85000000   -0.54031514   -0.79714585   -0.56928994
    1.50000000    10    0.95000000   -0.77535475   -0.45308443   -0.83156902
    1.50000000    11    1.05000000   -1.08925238   -0.45308443   -1.12633230
    1.50000000    12    1.15000000   -1.21026037   -0.79714585   -1.19745061
    1.50000000    13    1.25000000   -0.95663273   -1.13137085   -0.90417019
    1.50000000    14    1.35000000   -0.39448695   -1.04660350   -0.34519288
    1.50000000    15    1.45000000    0.20270922   -0.42882876    0.20869022
    1.50000000    16    1.55000000    0.56099596    0.42882876    0.51924385
    1.50000000    17    1.65000000    0.61040471    1.04660350    0.55581805
    1.50000000    18    1.75000000    0.52057730    1.13137085    0.49855514
    1.50000000    19    1.85000000    0.54031514    0.79714585    0.56928994
    1.50000000    20    1.95000000    0.77535475    0.45308443    0.83156902
