    1.50000000     1    0.02500000    0.53735308    0.41349538    0.54183976
    1.50000000     2    0.07500000    0.70800075    0.51612634    0.71376298
    1.50000000     3    0.12500000    0.91150104    0.69426947    0.91727993
    1.50000000     4    0.17500000    1.09370846    0.89971562    1.09824026
    1.50000000     5    0.22500000    1.20075089    1.07390510    1.20304255
    1.50000000     6    0.27500000    1.19112142    1.16103215    1.19066720
    1.50000000     7    0.32500000    1.04517388    1.12064896    1.04206573
    1.50000000     8    0.37500000    0.76994080    0.93701115    0.76484851
    1.50000000     9    0.42500000    0.39821071    0.62311419    0.39223608
    1.50000000    10    0.47500000   -0.01794942    0.21852631   -0.02351255
    1.50000000    11    0.52500000   -0.41783085   -0.21852631   -0.42177842
    1.50000000    12    0.57500000   -0.74457787   -0.62311419   -0.74605787
    1.50000000    13    0.62500000   -0.95683521   -0.93701115   -0.95553320
    1.50000000    14    0.67500000   -1.03702739   -1.12064896   -1.03323482
    1.50000000    15    0.72500000   -0.99448342   -1.16103215   -0.98903394
    1.50000000    16    0.77500000   -0.86274308   -1.07390510   -0.85683061
    1.50000000    17    0.82500000   -0.69164811   -0.89971562   -0.68656648
    1.50000000    18    0.87500000   -0.53595729   -0.69426947   -0.53281804
    1.50000000    19    0.92500000   -0.44297973   -0.51612634   -0.44246972
    1.50000000    20    0.97500000   -0.44193287   -0.41349538   -0.44416449
    1.50000000    21    1.02500000   -0.53735308   -0.41349538   -0.54183976
    1.50000000    22    1.07500000   -0.70800075   -0.51612634   -0.71376298
    1.50000000    23    1.12500000   -0.91150104   -0.69426947   -0.91727993
    1.50000000    24    1.17500000   -1.09370846   -0.89971562   -1.09824026
    1.50000000    25    1.22500000   -1.20075089   -1.07390510   -1.20304255
    1.50000000    26    1.27500000   -1.19112142   -1.16103215   -1.19066720
    1.50000000    27    1.32500000   -1.04517388   -1.12064896   -1.04206573
    1.50000000    28    1.37500000   -0.76994080   -0.93701115   -0.76484851
    1.50000000    29    1.42500000   -0.39821071   -0.62311419   -0.39223608
    1.50000000    30    1.47500000    0.01794942   -0.21852631    0.02351255
    1.50000000    31    1.52500000    0.41783085    0.21852631    0.42177842
    1.50000000    32    1.57500000    0.74457787    0.62311419    0.74605787
    1.50000000    33    1.62500000    0.95683521    0.93701115    0.95553320
    1.50000000    34    1.67500000    1.03702739    1.12064896    1.03323482
    1.50000000    35    1.72500000    0.99448342    1.16103215    0.98903394
    1.50000000    36    1.77500000    0.86274308    1.07390510    0.85683061
    1.50000000    37    1.82500000    0.69164811    0.89971562    0.68656648
    1.50000000    38    1.87500000    0.53595729    0.69426947    0.53281804
    1.50000000    39    1.92500000    0.44297973    0.51612634    0.44246972
    1.50000000    40    1.97500000    0.44193287    0.41349538    0.44416449
