    1.50000000     1    0.00200000    0.40013738    0.40008685    0.40013742
    1.50000000     2    0.00600000    0.40088750    0.40078142    0.40088755
    1.50000000     3    0.01000000    0.40233086    0.40216938    0.40233092
    1.50000000     4    0.01400000    0.40446500    0.40424836    0.40446507
    1.50000000     5    0.01800000    0.40728629    0.40701479    0.40728636
    1.50000000     6    0.02200000    0.41078992    0.41046396    0.41079000
    1.50000000     7    0.02600000    0.41496991    0.41458997    0.41497000
    1.50000000     8    0.03000000    0.41981913    0.41938575    0.41981923
    1.50000000     9    0.03400000    0.42532929    0.42484310    0.42532940
    1.50000000    10    0.03800000    0.43149096    0.43095267    0.43149108
    1.50000000    11    0.04200000    0.43829360    0.43770399    0.43829373
    1.50000000    12    0.04600000    0.44572555    0.44508546    0.44572569
    1.50000000    13    0.05000000    0.45377405    0.45308443    0.45377420
    1.50000000    14    0.05400000    0.46242529    0.46168712    0.46242545
    1.50000000    15    0.05800000    0.47166439    0.47087875    0.47166456
    1.50000000    16    0.06200000    0.48147544    0.48064346    0.48147561
    1.50000000    17    0.06600000    0.49184152    0.49096441    0.49184170
    1.50000000    18    0.07000000    0.50274473    0.50182375    0.50274492
    1.50000000    19    0.07400000    0.51416621    0.51320271    0.51416640
    1.50000000    20    0.07800000    0.52608616    0.52508153    0.52608636
    1.50000000    21    0.08200000    0.53848390    0.53743960    0.53848411
    1.50000000    22    0.08600000    0.55133785    0.55025539    0.55133807
    1.50000000    23    0.09000000    0.56462561    0.56350657    0.56462583
    1.50000000    24    0.09400000    0.57832397    0.57716995    0.57832419
    1.50000000    25    0.09800000    0.59240892    0.59122162    0.59240915
    1.50000000    26    0.10200000    0.60685574    0.60563687    0.60685597
    1.50000000    27    0.10600000    0.62163899    0.62039032    0.62163923
    1.50000000    28    0.11000000    0.63673257    0.63545592    0.63673281
    1.50000000    29    0.11400000    0.65210974    0.65080696    0.65210999
    1.50000000    30    0.11800000    0.66774318    0.66641617    0.66774344
    1.50000000    31    0.12200000    0.68360503    0.68225571    0.68360528
    1.50000000    32    0.12600000    0.69966688    0.69829722    0.69966714
    1.50000000    33    0.13000000    0.71589989    0.71451187    0.71590015
    1.50000000    34    0.13400000    0.73227477    0.73087043    0.73227504
    1.50000000    35    0.13800000    0.74876187    0.74734323    0.74876213
    1.50000000    36    0.14200000    0.76533116    0.76390030    0.76533143
    1.50000000    37    0.14600000    0.78195235    0.78051136    0.78195262
    1.50000000    38    0.15000000    0.79859488    0.79714585    0.79859515
    1.50000000    39    0.15400000    0.81522797    0.81377302    0.81522824
    1.50000000    40    0.15800000    0.83182071    0.83036194    0.83182097
    1.50000000    41    0.16200000    0.84834202    0.84688158    0.84834229
    1.50000000    42    0.16600000    0.86476079    0.86330081    0.86476106
    1.50000000    43    0.17000000    0.88104586    0.87958848    0.88104613
    1.50000000    44    0.17400000    0.89716610    0.89571345    0.89716637
    1.50000000    45    0.17800000    0.91309043    0.91164463    0.91309070
    1.50000000    46    0.18200000    0.92878789    0.92735105    0.92878815
    1.50000000    47    0.18600000    0.94422765    0.94280189    0.94422791
    1.50000000    48    0.19000000    0.95937912    0.95796652    0.95937937
    1.50000000    49    0.19400000    0.97421190    0.97281454    0.97421215
    1.50000000    50    0.19800000    0.98869593    0.98731586    0.98869617
    1.50000000    51    0.20200000    1.00280144    1.00144070    1.00280169
    1.50000000    52    0.20600000    1.01649907    1.01515966    1.01649931
    1.50000000    53    0.21000000    1.02975986    1.02844375    1.02976009
    1.50000000    54    0.21400000    1.04255531    1.04126444    1.04255553
    1.50000000    55    0.21800000    1.05485742    1.05359371    1.05485764
    1.50000000    56    0.22200000    1.06663876    1.06540407    1.06663898
    1.50000000    57    0.22600000    1.07787247    1.07666863    1.07787268
    1.50000000    58    0.23000000    1.08853230    1.08736110    1.08853250
    1.50000000    59    0.23400000    1.09859268    1.09745586    1.09859288
    1.50000000    60    0.23800000    1.10802875    1.10692801    1.10802894
    1.50000000    61    0.24200000    1.11681638    1.11575337    1.11681656
    1.50000000    62    0.24600000    1.12493221    1.12390851    1.12493238
    1.50000000    63    0.25000000    1.13235370    1.13137085    1.13235386
    1.50000000    64    0.25400000    1.13905914    1.13811863    1.13905930
    1.50000000    65    0.25800000    1.14502772    1.14413096    1.14502787
    1.50000000    66    0.26200000    1.15023952    1.14938787    1.15023966
    1.50000000    67    0.26600000    1.15467555    1.15387031    1.15467568
    1.50000000    68    0.27000000    1.15831781    1.15756021    1.15831793
    1.50000000    69    0.27400000    1.16114928    1.16044049    1.16114940
    1.50000000    70    0.27800000    1.16315396    1.16249507    1.16315407
    1.50000000    71    0.28200000    1.16431691    1.16370895    1.16431701
    1.50000000    72    0.28600000    1.16462423    1.16406816    1.16462432
    1.50000000    73    0.29000000    1.16406314    1.16355983    1.16406321
    1.50000000    74    0.29400000    1.16262194    1.16217221    1.16262201
    1.50000000    75    0.29800000    1.16029009    1.15989467    1.16029014
    1.50000000    76    0.30200000    1.15705817    1.15671771    1.15705821
    1.50000000    77    0.30600000    1.15291793    1.15263302    1.15291797
    1.50000000    78    0.31000000    1.14786230    1.14763344    1.14786232
    1.50000000    79    0.31400000    1.14188539    1.14171299    1.14188540
    1.50000000    80    0.31800000    1.13498250    1.13486692    1.13498251
    1.50000000    81    0.32200000    1.12715016    1.12709166    1.12715016
    1.50000000    82    0.32600000    1.11838609    1.11838485    1.11838608
    1.50000000    83    0.33000000    1.10868923    1.10874535    1.10868921
    1.50000000    84    0.33400000    1.09805976    1.09817326    1.09805972
    1.50000000    85    0.33800000    1.08649906    1.08666989    1.08649901
    1.50000000    86    0.34200000    1.07400975    1.07423776    1.07400969
    1.50000000    87    0.34600000    1.06059566    1.06088064    1.06059560
    1.50000000    88    0.35000000    1.04626186    1.04660350    1.04626179
    1.50000000    89    0.35400000    1.03101462    1.03141254    1.03101453
    1.50000000    90    0.35800000    1.01486140    1.01531515    1.01486131
    1.50000000    91    0.36200000    0.99781090    0.99831994    0.99781080
    1.50000000    92    0.36600000    0.97987298    0.98043668    0.97987287
    1.50000000    93    0.37000000    0.96105868    0.96167635    0.96105856
    1.50000000    94    0.37400000    0.94138020    0.94205108    0.94138007
    1.50000000    95    0.37800000    0.92085092    0.92157416    0.92085078
    1.50000000    96    0.38200000    0.89948531    0.90025999    0.89948516
    1.50000000    97    0.38600000    0.87729897    0.87812411    0.87729882
    1.50000000    98    0.39000000    0.85430862    0.85518314    0.85430845
    1.50000000    99    0.39400000    0.83053200    0.83145478    0.83053183
    1.50000000   100    0.39800000    0.80598795    0.80695779    0.80598777
    1.50000000   101    0.40200000    0.78069631    0.78171193    0.78069612
    1.50000000   102    0.40600000    0.75467792    0.75573800    0.75467773
    1.50000000   103    0.41000000    0.72795460    0.72905775    0.72795440
    1.50000000   104    0.41400000    0.70054911    0.70169387    0.70054891
    1.50000000   105    0.41800000    0.67248513    0.67366998    0.67248491
    1.50000000   106    0.42200000    0.64378720    0.64501058    0.64378698
    1.50000000   107    0.42600000    0.61448074    0.61574102    0.61448051
    1.50000000   108    0.43000000    0.58459197    0.58588747    0.58459174
    1.50000000   109    0.43400000    0.55414789    0.55547690    0.55414766
    1.50000000   110    0.43800000    0.52317626    0.52453699    0.52317602
    1.50000000   111    0.44200000    0.49170553    0.49309617    0.49170528
    1.50000000   112    0.44600000    0.45976483    0.46118352    0.45976458
    1.50000000   113    0.45000000    0.42738393    0.42882876    0.42738368
    1.50000000   114    0.45400000    0.39459318    0.39606222    0.39459292
    1.50000000   115    0.45800000    0.36142347    0.36291475    0.36142321
    1.50000000   116    0.46200000    0.32790623    0.32941775    0.32790597
    1.50000000   117    0.46600000    0.29407334    0.29560307    0.29407308
    1.50000000   118    0.47000000    0.25995711    0.26150298    0.25995684
    1.50000000   119    0.47400000    0.22559021    0.22715015    0.22558994
    1.50000000   120    0.47800000    0.19100568    0.19257759    0.19100541
    1.50000000   121    0.48200000    0.15623684    0.15781860    0.15623657
    1.50000000   122    0.48600000    0.12131725    0.12290673    0.12131698
    1.50000000   123    0.49000000    0.08628069    0.08787575    0.08628041
    1.50000000   124    0.49400000    0.05116107    0.05275956    0.05116080
    1.50000000   125    0.49800000    0.01599244    0.01759221    0.01599217
    1.50000000   126    0.50200000   -0.01919110   -0.01759221   -0.01919137
    1.50000000   127    0.50600000   -0.05435542   -0.05275956   -0.05435568
    1.50000000   128    0.51000000   -0.08946642   -0.08787575   -0.08946669
    1.50000000   129    0.51400000   -0.12449008   -0.12290673   -0.12449034
    1.50000000   130    0.51800000   -0.15939249   -0.15781860   -0.15939275
    1.50000000   131    0.52200000   -0.19413990   -0.19257759   -0.19414016
    1.50000000   132    0.52600000   -0.22869878   -0.22715015   -0.22869903
    1.50000000   133    0.53000000   -0.26303584   -0.26150298   -0.26303609
    1.50000000   134    0.53400000   -0.29711810   -0.29560307   -0.29711835
    1.50000000   135    0.53800000   -0.33091292   -0.32941775   -0.33091317
    1.50000000   136    0.54200000   -0.36438805   -0.36291475   -0.36438829
    1.50000000   137    0.54600000   -0.39751167   -0.39606222   -0.39751190
    1.50000000   138    0.55000000   -0.43025243   -0.42882876   -0.43025265
    1.50000000   139    0.55400000   -0.46257948   -0.46118352   -0.46257970
    1.50000000   140    0.55800000   -0.49446256   -0.49309617   -0.49446278
    1.50000000   141    0.56200000   -0.52587199   -0.52453699   -0.52587220
    1.50000000   142    0.56600000   -0.55677872   -0.55547690   -0.55677892
    1.50000000   143    0.57000000   -0.58715439   -0.58588747   -0.58715458
    1.50000000   144    0.57400000   -0.61697134   -0.61574102   -0.61697153
    1.50000000   145    0.57800000   -0.64620267   -0.64501058   -0.64620285
    1.50000000   146    0.58200000   -0.67482226   -0.67366998   -0.67482243
    1.50000000   147    0.58600000   -0.70280481   -0.70169387   -0.70280498
    1.50000000   148    0.59000000   -0.73012589   -0.72905775   -0.73012605
    1.50000000   149    0.59400000   -0.75676194   -0.75573800   -0.75676209
    1.50000000   150    0.59800000   -0.78269032   -0.78171193   -0.78269046
    1.50000000   151    0.60200000   -0.80788935   -0.80695779   -0.80788948
    1.50000000   152    0.60600000   -0.83233830   -0.83145478   -0.83233843
    1.50000000   153    0.61000000   -0.85601748   -0.85518314   -0.85601759
    1.50000000   154    0.61400000   -0.87890819   -0.87812411   -0.87890829
    1.50000000   155    0.61800000   -0.90099281   -0.90025999   -0.90099290
    1.50000000   156    0.62200000   -0.92225478   -0.92157416   -0.92225487
    1.50000000   157    0.62600000   -0.94267865   -0.94205108   -0.94267873
    1.50000000   158    0.63000000   -0.96225008   -0.96167635   -0.96225015
    1.50000000   159    0.63400000   -0.98095587   -0.98043668   -0.98095592
    1.50000000   160    0.63800000   -0.99878395   -0.99831994   -0.99878399
    1.50000000   161    0.64200000   -1.01572343   -1.01531515   -1.01572347
    1.50000000   162    0.64600000   -1.03176462   -1.03141254   -1.03176464
    1.50000000   163    0.65000000   -1.04689898   -1.04660350   -1.04689900
    1.50000000   164    0.65400000   -1.06111921   -1.06088064   -1.06111921
    1.50000000   165    0.65800000   -1.07441918   -1.07423776   -1.07441917
    1.50000000   166    0.66200000   -1.08679400   -1.08666989   -1.08679398
    1.50000000   167    0.66600000   -1.09823999   -1.09817326   -1.09823997
    1.50000000   168    0.67000000   -1.10875471   -1.10874535   -1.10875468
    1.50000000   169    0.67400000   -1.11833692   -1.11838485   -1.11833688
    1.50000000   170    0.67800000   -1.12698662   -1.12709166   -1.12698656
    1.50000000   171    0.68200000   -1.13470502   -1.13486692   -1.13470495
    1.50000000   172    0.68600000   -1.14149455   -1.14171299   -1.14149447
    1.50000000   173    0.69000000   -1.14735886   -1.14763344   -1.14735877
    1.50000000   174    0.69400000   -1.15230280   -1.15263302   -1.15230270
    1.50000000   175    0.69800000   -1.15633241   -1.15671771   -1.15633231
    1.50000000   176    0.70200000   -1.15945493   -1.15989467   -1.15945482
    1.50000000   177    0.70600000   -1.16167876   -1.16217221   -1.16167864
    1.50000000   178    0.71000000   -1.16301346   -1.16355983   -1.16301333
    1.50000000   179    0.71400000   -1.16346973   -1.16406816   -1.16346959
    1.50000000   180    0.71800000   -1.16305942   -1.16370895   -1.16305927
    1.50000000   181    0.72200000   -1.16179544   -1.16249507   -1.16179529
    1.50000000   182    0.72600000   -1.15969184   -1.16044049   -1.15969168
    1.50000000   183    0.73000000   -1.15676371   -1.15756021   -1.15676353
    1.50000000   184    0.73400000   -1.15302716   -1.15387031   -1.15302698
    1.50000000   185    0.73800000   -1.14849936   -1.14938787   -1.14849918
    1.50000000   186    0.74200000   -1.14319845   -1.14413096   -1.14319825
    1.50000000   187    0.74600000   -1.13714352   -1.13811863   -1.13714332
    1.50000000   188    0.75000000   -1.13035461   -1.13137085   -1.13035441
    1.50000000   189    0.75400000   -1.12285267   -1.12390851   -1.12285246
    1.50000000   190    0.75800000   -1.11465951   -1.11575337   -1.11465929
    1.50000000   191    0.76200000   -1.10579777   -1.10692801   -1.10579755
    1.50000000   192    0.76600000   -1.09629092   -1.09745586   -1.09629069
    1.50000000   193    0.77000000   -1.08616319   -1.08736110   -1.08616295
    1.50000000   194    0.77400000   -1.07543954   -1.07666863   -1.07543929
    1.50000000   195    0.77800000   -1.06414562   -1.06540407   -1.06414537
    1.50000000   196    0.78200000   -1.05230775   -1.05359371   -1.05230751
    1.50000000   197    0.78600000   -1.03995289   -1.04126444   -1.03995263
    1.50000000   198    0.79000000   -1.02710853   -1.02844375   -1.02710828
    1.50000000   199    0.79400000   -1.01380275   -1.01515966   -1.01380250
    1.50000000   200    0.79800000   -1.00006410   -1.00144070   -1.00006384
    1.50000000   201    0.80200000   -0.98592160   -0.98731586   -0.98592133
    1.50000000   202    0.80600000   -0.97140466   -0.97281454   -0.97140439
    1.50000000   203    0.81000000   -0.95654308   -0.95796652   -0.95654282
    1.50000000   204    0.81400000   -0.94136700   -0.94280189   -0.94136673
    1.50000000   205    0.81800000   -0.92590680   -0.92735105   -0.92590653
    1.50000000   206    0.82200000   -0.91019313   -0.91164463   -0.91019287
    1.50000000   207    0.82600000   -0.89425684   -0.89571345   -0.89425657
    1.50000000   208    0.83000000   -0.87812888   -0.87958848   -0.87812862
    1.50000000   209    0.83400000   -0.86184036   -0.86330081   -0.86184010
    1.50000000   210    0.83800000   -0.84542241   -0.84688158   -0.84542215
    1.50000000   211    0.84200000   -0.82890618   -0.83036194   -0.82890592
    1.50000000   212    0.84600000   -0.81232279   -0.81377302   -0.81232253
    1.50000000   213    0.85000000   -0.79570327   -0.79714585   -0.79570301
    1.50000000   214    0.85400000   -0.77907853   -0.78051136   -0.77907828
    1.50000000   215    0.85800000   -0.76247932   -0.76390030   -0.76247907
    1.50000000   216    0.86200000   -0.74593616   -0.74734323   -0.74593591
    1.50000000   217    0.86600000   -0.72947931   -0.73087043   -0.72947907
    1.50000000   218    0.87000000   -0.71313874   -0.71451187   -0.71313850
    1.50000000   219    0.87400000   -0.69694406   -0.69829722   -0.69694383
    1.50000000   220    0.87800000   -0.68092450   -0.68225571   -0.68092427
    1.50000000   221    0.88200000   -0.66510885   -0.66641617   -0.66510863
    1.50000000   222    0.88600000   -0.64952543   -0.65080696   -0.64952520
    1.50000000   223    0.89000000   -0.63420202   -0.63545592   -0.63420181
    1.50000000   224    0.89400000   -0.61916589   -0.62039032   -0.61916569
    1.50000000   225    0.89800000   -0.60444368   -0.60563687   -0.60444348
    1.50000000   226    0.90200000   -0.59006141   -0.59122162   -0.59006121
    1.50000000   227    0.90600000   -0.57604440   -0.57716995   -0.57604422
    1.50000000   228    0.91000000   -0.56241731   -0.56350657   -0.56241713
    1.50000000   229    0.91400000   -0.54920401   -0.55025539   -0.54920383
    1.50000000   230    0.91800000   -0.53642761   -0.53743960   -0.53642744
    1.50000000   231    0.92200000   -0.52411041   -0.52508153   -0.52411025
    1.50000000   232    0.92600000   -0.51227386   -0.51320271   -0.51227371
    1.50000000   233    0.93000000   -0.50093852   -0.50182375   -0.50093838
    1.50000000   234    0.93400000   -0.49012408   -0.49096441   -0.49012395
    1.50000000   235    0.93800000   -0.47984925   -0.48064346   -0.47984913
    1.50000000   236    0.94200000   -0.47013181   -0.47087875   -0.47013169
    1.50000000   237    0.94600000   -0.46098854   -0.46168712   -0.46098843
    1.50000000   238    0.95000000   -0.45243521   -0.45308443   -0.45243511
    1.50000000   239    0.95400000   -0.44448655   -0.44508546   -0.44448646
    1.50000000   240    0.95800000   -0.43715625   -0.43770399   -0.43715617
    1.50000000   241    0.96200000   -0.43045690   -0.43095267   -0.43045683
    1.50000000   242    0.96600000   -0.42440001   -0.42484310   -0.42439996
    1.50000000   243    0.97000000   -0.41899599   -0.41938575   -0.41899594
    1.50000000   244    0.97400000   -0.41425410   -0.41458997   -0.41425406
    1.50000000   245    0.97800000   -0.41018247   -0.41046396   -0.41018244
    1.50000000   246    0.98200000   -0.40678808   -0.40701479   -0.40678806
    1.50000000   247    0.98600000   -0.40407676   -0.40424836   -0.40407675
    1.50000000   248    0.99000000   -0.40205314   -0.40216938   -0.40205315
    1.50000000   249    0.99400000   -0.40072071   -0.40078142   -0.40072073
    1.50000000   250    0.99800000   -0.40008176   -0.40008685   -0.40008178
    1.50000000   251    1.00200000   -0.40013738   -0.40008685   -0.40013742
    1.50000000   252    1.00600000   -0.40088750   -0.40078142   -0.40088755
    1.50000000   253    1.01000000   -0.40233086   -0.40216938   -0.40233092
    1.50000000   254    1.01400000   -0.40446500   -0.40424836   -0.40446507
    1.50000000   255    1.01800000   -0.40728629   -0.40701479   -0.40728636
    1.50000000   256    1.02200000   -0.41078992   -0.41046396   -0.41079000
    1.50000000   257    1.02600000   -0.41496991   -0.41458997   -0.41497000
    1.50000000   258    1.03000000   -0.41981913   -0.41938575   -0.41981923
    1.50000000   259    1.03400000   -0.42532929   -0.42484310   -0.42532940
    1.50000000   260    1.03800000   -0.43149096   -0.43095267   -0.43149108
    1.50000000   261    1.04200000   -0.43829360   -0.43770399   -0.43829373
    1.50000000   262    1.04600000   -0.44572555   -0.44508546   -0.44572569
    1.50000000   263    1.05000000   -0.45377405   -0.45308443   -0.45377420
    1.50000000   264    1.05400000   -0.46242529   -0.46168712   -0.46242545
    1.50000000   265    1.05800000   -0.47166439   -0.47087875   -0.47166456
    1.50000000   266    1.06200000   -0.48147544   -0.48064346   -0.48147561
    1.50000000   267    1.06600000   -0.49184152   -0.49096441   -0.49184170
    1.50000000   268    1.07000000   -0.50274473   -0.50182375   -0.50274492
    1.50000000   269    1.07400000   -0.51416621   -0.51320271   -0.51416640
    1.50000000   270    1.07800000   -0.52608616   -0.52508153   -0.52608636
    1.50000000   271    1.08200000   -0.53848390   -0.53743960   -0.53848411
    1.50000000   272    1.08600000   -0.55133785   -0.55025539   -0.55133807
    1.50000000   273    1.09000000   -0.56462561   -0.56350657   -0.56462583
    1.50000000   274    1.09400000   -0.57832397   -0.57716995   -0.57832419
    1.50000000   275    1.09800000   -0.59240892   -0.59122162   -0.59240915
    1.50000000   276    1.10200000   -0.60685574   -0.60563687   -0.60685597
    1.50000000   277    1.10600000   -0.62163899   -0.62039032   -0.62163923
    1.50000000   278    1.11000000   -0.63673257   -0.63545592   -0.63673281
    1.50000000   279    1.11400000   -0.65210974   -0.65080696   -0.65210999
    1.50000000   280    1.11800000   -0.66774318   -0.66641617   -0.66774344
    1.50000000   281    1.12200000   -0.68360503   -0.68225571   -0.68360528
    1.50000000   282    1.12600000   -0.69966688   -0.69829722   -0.69966714
    1.50000000   283    1.13000000   -0.71589989   -0.71451187   -0.71590015
    1.50000000   284    1.13400000   -0.73227477   -0.73087043   -0.73227504
    1.50000000   285    1.13800000   -0.74876187   -0.74734323   -0.74876213
    1.50000000   286    1.14200000   -0.76533116   -0.76390030   -0.76533143
    1.50000000   287    1.14600000   -0.78195235   -0.78051136   -0.78195262
    1.50000000   288    1.15000000   -0.79859488   -0.79714585   -0.79859515
    1.50000000   289    1.15400000   -0.81522797   -0.81377302   -0.81522824
    1.50000000   290    1.15800000   -0.83182071   -0.83036194   -0.83182097
    1.50000000   291    1.16200000   -0.84834202   -0.84688158   -0.84834229
    1.50000000   292    1.16600000   -0.86476079   -0.86330081   -0.86476106
    1.50000000   293    1.17000000   -0.88104586   -0.87958848   -0.88104613
    1.50000000   294    1.17400000   -0.89716610   -0.89571345   -0.89716637
    1.50000000   295    1.17800000   -0.91309043   -0.91164463   -0.91309070
    1.50000000   296    1.18200000   -0.92878789   -0.92735105   -0.92878815
    1.50000000   297    1.18600000   -0.94422765   -0.94280189   -0.94422791
    1.50000000   298    1.19000000   -0.95937912   -0.95796652   -0.95937937
    1.50000000   299    1.19400000   -0.97421190   -0.97281454   -0.97421215
    1.50000000   300    1.19800000   -0.98869593   -0.98731586   -0.98869617
    1.50000000   301    1.20200000   -1.00280144   -1.00144070   -1.00280169
    1.50000000   302    1.20600000   -1.01649907   -1.01515966   -1.01649931
    1.50000000   303    1.21000000   -1.02975986   -1.02844375   -1.02976009
    1.50000000   304    1.21400000   -1.04255531   -1.04126444   -1.04255553
    1.50000000   305    1.21800000   -1.05485742   -1.05359371   -1.05485764
    1.50000000   306    1.22200000   -1.06663876   -1.06540407   -1.06663898
    1.50000000   307    1.22600000   -1.07787247   -1.07666863   -1.07787268
    1.50000000   308    1.23000000   -1.08853230   -1.08736110   -1.08853250
    1.50000000   309    1.23400000   -1.09859268   -1.09745586   -1.09859288
    1.50000000   310    1.23800000   -1.10802875   -1.10692801   -1.10802894
    1.50000000   311    1.24200000   -1.11681638   -1.11575337   -1.11681656
    1.50000000   312    1.24600000   -1.12493221   -1.12390851   -1.12493238
    1.50000000   313    1.25000000   -1.13235370   -1.13137085   -1.13235386
    1.50000000   314    1.25400000   -1.13905914   -1.13811863   -1.13905930
    1.50000000   315    1.25800000   -1.14502772   -1.14413096   -1.14502787
    1.50000000   316    1.26200000   -1.15023952   -1.14938787   -1.15023966
    1.50000000   317    1.26600000   -1.15467555   -1.15387031   -1.15467568
    1.50000000   318    1.27000000   -1.15831781   -1.15756021   -1.15831793
    1.50000000   319    1.27400000   -1.16114928   -1.16044049   -1.16114940
    1.50000000   320    1.27800000   -1.16315396   -1.16249507   -1.16315407
    1.50000000   321    1.28200000   -1.16431691   -1.16370895   -1.16431701
    1.50000000   322    1.28600000   -1.16462423   -1.16406816   -1.16462432
    1.50000000   323    1.29000000   -1.16406314   -1.16355983   -1.16406321
    1.50000000   324    1.29400000   -1.16262194   -1.16217221   -1.16262201
    1.50000000   325    1.29800000   -1.16029009   -1.15989467   -1.16029014
    1.50000000   326    1.30200000   -1.15705817   -1.15671771   -1.15705821
    1.50000000   327    1.30600000   -1.15291793   -1.15263302   -1.15291797
    1.50000000   328    1.31000000   -1.14786230   -1.14763344   -1.14786232
    1.50000000   329    1.31400000   -1.14188539   -1.14171299   -1.14188540
    1.50000000   330    1.31800000   -1.13498250   -1.13486692   -1.13498251
    1.50000000   331    1.32200000   -1.12715016   -1.12709166   -1.12715016
    1.50000000   332    1.32600000   -1.11838609   -1.11838485   -1.11838608
    1.50000000   333    1.33000000   -1.10868923   -1.10874535   -1.10868921
    1.50000000   334    1.33400000   -1.09805976   -1.09817326   -1.09805972
    1.50000000   335    1.33800000   -1.08649906   -1.08666989   -1.08649901
    1.50000000   336    1.34200000   -1.07400975   -1.07423776   -1.07400969
    1.50000000   337    1.34600000   -1.06059566   -1.06088064   -1.06059560
    1.50000000   338    1.35000000   -1.04626186   -1.04660350   -1.04626179
    1.50000000   339    1.35400000   -1.03101462   -1.03141254   -1.03101453
    1.50000000   340    1.35800000   -1.01486140   -1.01531515   -1.01486131
    1.50000000   341    1.36200000   -0.99781090   -0.99831994   -0.99781080
    1.50000000   342    1.36600000   -0.97987298   -0.98043668   -0.97987287
    1.50000000   343    1.37000000   -0.96105868   -0.96167635   -0.96105856
    1.50000000   344    1.37400000   -0.94138020   -0.94205108   -0.94138007
    1.50000000   345    1.37800000   -0.92085092   -0.92157416   -0.92085078
    1.50000000   346    1.38200000   -0.89948531   -0.90025999   -0.89948516
    1.50000000   347    1.38600000   -0.87729897   -0.87812411   -0.87729882
    1.50000000   348    1.39000000   -0.85430862   -0.85518314   -0.85430845
    1.50000000   349    1.39400000   -0.83053200   -0.83145478   -0.83053183
    1.50000000   350    1.39800000   -0.80598795   -0.80695779   -0.80598777
    1.50000000   351    1.40200000   -0.78069631   -0.78171193   -0.78069612
    1.50000000   352    1.40600000   -0.75467792   -0.75573800   -0.75467773
    1.50000000   353    1.41000000   -0.72795460   -0.72905775   -0.72795440
    1.50000000   354    1.41400000   -0.70054911   -0.70169387   -0.70054891
    1.50000000   355    1.41800000   -0.67248513   -0.67366998   -0.67248491
    1.50000000   356    1.42200000   -0.64378720   -0.64501058   -0.64378698
    1.50000000   357    1.42600000   -0.61448074   -0.61574102   -0.61448051
    1.50000000   358    1.43000000   -0.58459197   -0.58588747   -0.58459174
    1.50000000   359    1.43400000   -0.55414789   -0.55547690   -0.55414766
    1.50000000   360    1.43800000   -0.52317626   -0.52453699   -0.52317602
    1.50000000   361    1.44200000   -0.49170553   -0.49309617   -0.49170528
    1.50000000   362    1.44600000   -0.45976483   -0.46118352   -0.45976458
    1.50000000   363    1.45000000   -0.42738393   -0.42882876   -0.42738368
    1.50000000   364    1.45400000   -0.39459318   -0.39606222   -0.39459292
    1.50000000   365    1.45800000   -0.36142347   -0.36291475   -0.36142321
    1.50000000   366    1.46200000   -0.32790623   -0.32941775   -0.32790597
    1.50000000   367    1.46600000   -0.29407334   -0.29560307   -0.29407308
    1.50000000   368    1.47000000   -0.25995711   -0.26150298   -0.25995684
    1.50000000   369    1.47400000   -0.22559021   -0.22715015   -0.22558994
    1.50000000   370    1.47800000   -0.19100568   -0.19257759   -0.19100541
    1.50000000   371    1.48200000   -0.15623684   -0.15781860   -0.15623657
    1.50000000   372    1.48600000   -0.12131725   -0.12290673   -0.12131698
    1.50000000   373    1.49000000   -0.08628069   -0.08787575   -0.08628041
    1.50000000   374    1.49400000   -0.05116107   -0.05275956   -0.05116080
    1.50000000   375    1.49800000   -0.01599244   -0.01759221   -0.01599217
    1.50000000   376    1.50200000    0.01919110    0.01759221    0.01919137
    1.50000000   377    1.50600000    0.05435542    0.05275956    0.05435568
    1.50000000   378    1.51000000    0.08946642    0.08787575    0.08946669
    1.50000000   379    1.51400000    0.12449008    0.12290673    0.12449034
    1.50000000   380    1.51800000    0.15939249    0.15781860    0.15939275
    1.50000000   381    1.52200000    0.19413990    0.19257759    0.19414016
    1.50000000   382    1.52600000    0.22869878    0.22715015    0.22869903
    1.50000000   383    1.53000000    0.26303584    0.26150298    0.26303609
    1.50000000   384    1.53400000    0.29711810    0.29560307    0.29711835
    1.50000000   385    1.53800000    0.33091292    0.32941775    0.33091317
    1.50000000   386    1.54200000    0.36438805    0.36291475    0.36438829
    1.50000000   387    1.54600000    0.39751167    0.39606222    0.39751190
    1.50000000   388    1.55000000    0.43025243    0.42882876    0.43025265
    1.50000000   389    1.55400000    0.46257948    0.46118352    0.46257970
    1.50000000   390    1.55800000    0.49446256    0.49309617    0.49446278
    1.50000000   391    1.56200000    0.52587199    0.52453699    0.52587220
    1.50000000   392    1.56600000    0.55677872    0.55547690    0.55677892
    1.50000000   393    1.57000000    0.58715439    0.58588747    0.58715458
    1.50000000   394    1.57400000    0.61697134    0.61574102    0.61697153
    1.50000000   395    1.57800000    0.64620267    0.64501058    0.64620285
    1.50000000   396    1.58200000    0.67482226    0.67366998    0.67482243
    1.50000000   397    1.58600000    0.70280481    0.70169387    0.70280498
    1.50000000   398    1.59000000    0.73012589    0.72905775    0.73012605
    1.50000000   399    1.59400000    0.75676194    0.75573800    0.75676209
    1.50000000   400    1.59800000    0.78269032    0.78171193    0.78269046
    1.50000000   401    1.60200000    0.80788935    0.80695779    0.80788948
    1.50000000   402    1.60600000    0.83233830    0.83145478    0.83233843
    1.50000000   403    1.61000000    0.85601748    0.85518314    0.85601759
    1.50000000   404    1.61400000    0.87890819    0.87812411    0.87890829
    1.50000000   405    1.61800000    0.90099281    0.90025999    0.90099290
    1.50000000   406    1.62200000    0.92225478    0.92157416    0.92225487
    1.50000000   407    1.62600000    0.94267865    0.94205108    0.94267873
    1.50000000   408    1.63000000    0.96225008    0.96167635    0.96225015
    1.50000000   409    1.63400000    0.98095587    0.98043668    0.98095592
    1.50000000   410    1.63800000    0.99878395    0.99831994    0.99878399
    1.50000000   411    1.64200000    1.01572343    1.01531515    1.01572347
    1.50000000   412    1.64600000    1.03176462    1.03141254    1.03176464
    1.50000000   413    1.65000000    1.04689898    1.04660350    1.04689900
    1.50000000   414    1.65400000    1.06111921    1.06088064    1.06111921
    1.50000000   415    1.65800000    1.07441918    1.07423776    1.07441917
    1.50000000   416    1.66200000    1.08679400    1.08666989    1.08679398
    1.50000000   417    1.66600000    1.09823999    1.09817326    1.09823997
    1.50000000   418    1.67000000    1.10875471    1.10874535    1.10875468
    1.50000000   419    1.67400000    1.11833692    1.11838485    1.11833688
    1.50000000   420    1.67800000    1.12698662    1.12709166    1.12698656
    1.50000000   421    1.68200000    1.13470502    1.13486692    1.13470495
    1.50000000   422    1.68600000    1.14149455    1.14171299    1.14149447
    1.50000000   423    1.69000000    1.14735886    1.14763344    1.14735877
    1.50000000   424    1.69400000    1.15230280    1.15263302    1.15230270
    1.50000000   425    1.69800000    1.15633241    1.15671771    1.15633231
    1.50000000   426    1.70200000    1.15945493    1.15989467    1.15945482
    1.50000000   427    1.70600000    1.16167876    1.16217221    1.16167864
    1.50000000   428    1.71000000    1.16301346    1.16355983    1.16301333
    1.50000000   429    1.71400000    1.16346973    1.16406816    1.16346959
    1.50000000   430    1.71800000    1.16305942    1.16370895    1.16305927
    1.50000000   431    1.72200000    1.16179544    1.16249507    1.16179529
    1.50000000   432    1.72600000    1.15969184    1.16044049    1.15969168
    1.50000000   433    1.73000000    1.15676371    1.15756021    1.15676353
    1.50000000   434    1.73400000    1.15302716    1.15387031    1.15302698
    1.50000000   435    1.73800000    1.14849936    1.14938787    1.14849918
    1.50000000   436    1.74200000    1.14319845    1.14413096    1.14319825
    1.50000000   437    1.74600000    1.13714352    1.13811863    1.13714332
    1.50000000   438    1.75000000    1.13035461    1.13137085    1.13035441
    1.50000000   439    1.75400000    1.12285267    1.12390851    1.12285246
    1.50000000   440    1.75800000    1.11465951    1.11575337    1.11465929
    1.50000000   441    1.76200000    1.10579777    1.10692801    1.10579755
    1.50000000   442    1.76600000    1.09629092    1.09745586    1.09629069
    1.50000000   443    1.77000000    1.08616319    1.08736110    1.08616295
    1.50000000   444    1.77400000    1.07543954    1.07666863    1.07543929
    1.50000000   445    1.77800000    1.06414562    1.06540407    1.06414537
    1.50000000   446    1.78200000    1.05230775    1.05359371    1.05230751
    1.50000000   447    1.78600000    1.03995289    1.04126444    1.03995263
    1.50000000   448    1.79000000    1.02710853    1.02844375    1.02710828
    1.50000000   449    1.79400000    1.01380275    1.01515966    1.01380250
    1.50000000   450    1.79800000    1.00006410    1.00144070    1.00006384
    1.50000000   451    1.80200000    0.98592160    0.98731586    0.98592133
    1.50000000   452    1.80600000    0.97140466    0.97281454    0.97140439
    1.50000000   453    1.81000000    0.95654308    0.95796652    0.95654282
    1.50000000   454    1.81400000    0.94136700    0.94280189    0.94136673
    1.50000000   455    1.81800000    0.92590680    0.92735105    0.92590653
    1.50000000   456    1.82200000    0.91019313    0.91164463    0.91019287
    1.50000000   457    1.82600000    0.89425684    0.89571345    0.89425657
    1.50000000   458    1.83000000    0.87812888    0.87958848    0.87812862
    1.50000000   459    1.83400000    0.86184036    0.86330081    0.86184010
    1.50000000   460    1.83800000    0.84542241    0.84688158    0.84542215
    1.50000000   461    1.84200000    0.82890618    0.83036194    0.82890592
    1.50000000   462    1.84600000    0.81232279    0.81377302    0.81232253
    1.50000000   463    1.85000000    0.79570327    0.79714585    0.79570301
    1.50000000   464    1.85400000    0.77907853    0.78051136    0.77907828
    1.50000000   465    1.85800000    0.76247932    0.76390030    0.76247907
    1.50000000   466    1.86200000    0.74593616    0.74734323    0.74593591
    1.50000000   467    1.86600000    0.72947931    0.73087043    0.72947907
    1.50000000   468    1.87000000    0.71313874    0.71451187    0.71313850
    1.50000000   469    1.87400000    0.69694406    0.69829722    0.69694383
    1.50000000   470    1.87800000    0.68092450    0.68225571    0.68092427
    1.50000000   471    1.88200000    0.66510885    0.66641617    0.66510863
    1.50000000   472    1.88600000    0.64952543    0.65080696    0.64952520
    1.50000000   473    1.89000000    0.63420202    0.63545592    0.63420181
    1.50000000   474    1.89400000    0.61916589    0.62039032    0.61916569
    1.50000000   475    1.89800000    0.60444368    0.60563687    0.60444348
    1.50000000   476    1.90200000    0.59006141    0.59122162    0.59006121
    1.50000000   477    1.90600000    0.57604440    0.57716995    0.57604422
    1.50000000   478    1.91000000    0.56241731    0.56350657    0.56241713
    1.50000000   479    1.91400000    0.54920401    0.55025539    0.54920383
    1.50000000   480    1.91800000    0.53642761    0.53743960    0.53642744
    1.50000000   481    1.92200000    0.52411041    0.52508153    0.52411025
    1.50000000   482    1.92600000    0.51227386    0.51320271    0.51227371
    1.50000000   483    1.93000000    0.50093852    0.50182375    0.50093838
    1.50000000   484    1.93400000    0.49012408    0.49096441    0.49012395
    1.50000000   485    1.93800000    0.47984925    0.48064346    0.47984913
    1.50000000   486    1.94200000    0.47013181    0.47087875    0.47013169
    1.50000000   487    1.94600000    0.46098854    0.46168712    0.46098843
    1.50000000   488    1.95000000    0.45243521    0.45308443    0.45243511
    1.50000000   489    1.95400000    0.44448655    0.44508546    0.44448646
    1.50000000   490    1.95800000    0.43715625    0.43770399    0.43715617
    1.50000000   491    1.96200000    0.43045690    0.43095267    0.43045683
    1.50000000   492    1.96600000    0.42440001    0.42484310    0.42439996
    1.50000000   493    1.97000000    0.41899599    0.41938575    0.41899594
    1.50000000   494    1.97400000    0.41425410    0.41458997    0.41425406
    1.50000000   495    1.97800000    0.41018247    0.41046396    0.41018244
    1.50000000   496    1.98200000    0.40678808    0.40701479    0.40678806
    1.50000000   497    1.98600000    0.40407676    0.40424836    0.40407675
    1.50000000   498    1.99000000    0.40205314    0.40216938    0.40205315
    1.50000000   499    1.99400000    0.40072071    0.40078142    0.40072073
    1.50000000   500    1.99800000    0.40008176    0.40008685    0.40008178
