    1.50000000     1    0.01250000    0.41783145    0.40338796    0.41796278
    1.50000000     2    0.03750000    0.45710486    0.43015366    0.45732111
    1.50000000     3    0.06250000    0.51984663    0.48190351    0.52013583
    1.50000000     4    0.08750000    0.60197284    0.55517479    0.60231897
    1.50000000     5    0.11250000    0.69803177    0.64501859    0.69841566
    1.50000000     6    0.13750000    0.80151077    0.74527890    0.80191116
    1.50000000     7    0.16250000    0.90520361    0.84894012    0.90559831
    1.50000000     8    0.18750000    1.00161785    0.94852381    1.00198497
    1.50000000     9    0.21250000    1.08339973    1.03651277    1.08371891
    1.50000000    10    0.23750000    1.14375305    1.10577888    1.14400656
    1.50000000    11    0.26250000    1.17682876    1.14999090    1.17700249
    1.50000000    12    0.28750000    1.17806366    1.16397985    1.17814791
    1.50000000    13    0.31250000    1.14444947    1.14404140    1.14443947
    1.50000000    14    0.33750000    1.07471716    1.08815866    1.07461334
    1.50000000    15    0.36250000    0.96942635    0.99613288    0.96923433
    1.50000000    16    0.38750000    0.83095472    0.86961466    0.83068498
    1.50000000    17    0.41250000    0.66338781    0.71203396    0.66305514
    1.50000000    18    0.43750000    0.47231526    0.52843246    0.47193789
    1.50000000    19    0.46250000    0.26454452    0.32520763    0.26414318
    1.50000000    20    0.48750000    0.04774784    0.10978225    0.04734457
    1.50000000    21    0.51250000   -0.16993826   -0.10978225   -0.17032132
    1.50000000    22    0.53750000   -0.38033887   -0.32520763   -0.38068068
    1.50000000    23    0.56250000   -0.57566871   -0.52843246   -0.57595052
    1.50000000    24    0.58750000   -0.74893865   -0.71203396   -0.74914503
    1.50000000    25    0.61250000   -0.89431848   -0.86961466   -0.89443814
    1.50000000    26    0.63750000   -1.00743596   -0.99613288   -1.00746243
    1.50000000    27    0.66250000   -1.08559593   -1.08815866   -1.08552786
    1.50000000    28    0.68750000   -1.12790725   -1.14404140   -1.12774852
    1.50000000    29    0.71250000   -1.13531097   -1.16397985   -1.13507046
    1.50000000    30    0.73750000   -1.11050804   -1.14999090   -1.11019915
    1.50000000    31    0.76250000   -1.05779097   -1.10577888   -1.05743086
    1.50000000    32    0.78750000   -0.98278853   -1.03651277   -0.98239720
    1.50000000    33    0.81250000   -0.89213800   -0.94852381   -0.89173715
    1.50000000    34    0.83750000   -0.79310303   -0.84894012   -0.79271488
    1.50000000    35    0.86250000   -0.69315833   -0.74527890   -0.69280438
    1.50000000    36    0.88750000   -0.59956427   -0.64501859   -0.59926415
    1.50000000    37    0.91250000   -0.51895500   -0.55517479   -0.51872533
    1.50000000    38    0.93750000   -0.45696279   -0.48190351   -0.45681629
    1.50000000    39    0.96250000   -0.41789953   -0.43015366   -0.41784432
    1.50000000    40    0.98750000   -0.40451301   -0.40338796   -0.40455215
    1.50000000    41    1.01250000   -0.41783145   -0.40338796   -0.41796278
    1.50000000    42    1.03750000   -0.45710486   -0.43015366   -0.45732111
    1.50000000    43    1.06250000   -0.51984663   -0.48190351   -0.52013583
    1.50000000    44    1.08750000   -0.60197284   -0.55517479   -0.60231897
    1.50000000    45    1.11250000   -0.69803177   -0.64501859   -0.69841566
    1.50000000    46    1.13750000   -0.80151077   -0.74527890   -0.80191116
    1.50000000    47    1.16250000   -0.90520361   -0.84894012   -0.90559831
    1.50000000    48    1.18750000   -1.00161785   -0.94852381   -1.00198497
    1.50000000    49    1.21250000   -1.08339973   -1.03651277   -1.08371891
    1.50000000    50    1.23750000   -1.14375305   -1.10577888   -1.14400656
    1.50000000    51    1.26250000   -1.17682876   -1.14999090   -1.17700249
    1.50000000    52    1.28750000   -1.17806366   -1.16397985   -1.17814791
    1.50000000    53    1.31250000   -1.14444947   -1.14404140   -1.14443947
    1.50000000    54    1.33750000   -1.07471716   -1.08815866   -1.07461334
    1.50000000    55    1.36250000   -0.96942635   -0.99613288   -0.96923433
    1.50000000    56    1.38750000   -0.83095472   -0.86961466   -0.83068498
    1.50000000    57    1.41250000   -0.66338781   -0.71203396   -0.66305514
    1.50000000    58    1.43750000   -0.47231526   -0.52843246   -0.47193789
    1.50000000    59    1.46250000   -0.26454452   -0.32520763   -0.26414318
    1.50000000    60    1.48750000   -0.04774784   -0.10978225   -0.04734457
    1.50000000    61    1.51250000    0.16993826    0.10978225    0.17032132
    1.50000000    62    1.53750000    0.38033887    0.32520763    0.38068068
    1.50000000    63    1.56250000    0.57566871    0.52843246    0.57595052
    1.50000000    64    1.58750000    0.74893865    0.71203396    0.74914503
    1.50000000    65    1.61250000    0.89431848    0.86961466    0.89443814
    1.50000000    66    1.63750000    1.00743596    0.99613288    1.00746243
    1.50000000    67    1.66250000    1.08559593    1.08815866    1.08552786
    1.50000000    68    1.68750000    1.12790725    1.14404140    1.12774852
    1.50000000    69    1.71250000    1.13531097    1.16397985    1.13507046
    1.50000000    70    1.73750000    1.11050804    1.14999090    1.11019915
    1.50000000    71    1.76250000    1.05779097    1.10577888    1.05743086
    1.50000000    72    1.78750000    0.98278853    1.03651277    0.98239720
    1.50000000    73    1.81250000    0.89213800    0.94852381    0.89173715
    1.50000000    74    1.83750000    0.79310303    0.84894012    0.79271488
    1.50000000    75    1.86250000    0.69315833    0.74527890    0.69280438
    1.50000000    76    1.88750000    0.59956427    0.64501859    0.59926415
    1.50000000    77    1.91250000    0.51895500    0.55517479    0.51872533
    1.50000000    78    1.93750000    0.45696279    0.48190351    0.45681629
    1.50000000    79    1.96250000    0.41789953    0.43015366    0.41784432
    1.50000000    80    1.98750000    0.40451301    0.40338796    0.40455215
