           0   0.0000000000000000     
           1   0.0000000000000000     
           2   0.0000000000000000     
           3   0.0000000000000000     
           4   0.0000000000000000     
           5   0.0000000000000000     
           6   0.0000000000000000     
           7   0.0000000000000000     
           8   0.0000000000000000     
           9   0.0000000000000000     
          10   0.0000000000000000     
          11   0.0000000000000000     
          12   0.0000000000000000     
          13   0.0000000000000000     
          14   0.0000000000000000     
          15   0.0000000000000000     
          16   0.0000000000000000     
          17   0.0000000000000000     
          18   0.0000000000000000     
          19   0.0000000000000000     
          20   0.0000000000000000     
          21   0.0000000000000000     
          22   0.0000000000000000     
          23   0.0000000000000000     
          24   0.0000000000000000     
          25   0.0000000000000000     
          26   0.0000000000000000     
          27   0.0000000000000000     
          28   0.0000000000000000     
          29   0.0000000000000000     
          30   0.0000000000000000     
          31   0.0000000000000000     
          32   0.0000000000000000     
          33   0.0000000000000000     
          34   0.0000000000000000     
          35   0.0000000000000000     
          36   0.0000000000000000     
          37   0.0000000000000000     
          38   0.0000000000000000     
          39   0.0000000000000000     
          40   0.0000000000000000     
          41   0.0000000000000000     
          42   0.0000000000000000     
          43   0.0000000000000000     
          44   0.0000000000000000     
          45   0.0000000000000000     
          46   0.0000000000000000     
          47   0.0000000000000000     
          48   0.0000000000000000     
          49   0.0000000000000000     
          50   0.0000000000000000     
          51   0.0000000000000000     
          52   0.0000000000000000     
          53   0.0000000000000000     
          54   0.0000000000000000     
          55   0.0000000000000000     
          56   0.0000000000000000     
          57   0.0000000000000000     
          58   0.0000000000000000     
          59   0.0000000000000000     
          60   0.0000000000000000     
          61   0.0000000000000000     
          62   0.0000000000000000     
          63   0.0000000000000000     
          64   0.0000000000000000     
          65   0.0000000000000000     
          66   0.0000000000000000     
          67   0.0000000000000000     
          68   0.0000000000000000     
          69   0.0000000000000000     
          70   0.0000000000000000     
          71   0.0000000000000000     
          72   0.0000000000000000     
          73   0.0000000000000000     
          74   0.0000000000000000     
          75   0.0000000000000000     
          76   0.0000000000000000     
          77   0.0000000000000000     
          78   0.0000000000000000     
          79   0.0000000000000000     
          80   0.0000000000000000     
          81   0.0000000000000000     
          82   0.0000000000000000     
          83   0.0000000000000000     
          84   0.0000000000000000     
          85   0.0000000000000000     
          86   0.0000000000000000     
          87   0.0000000000000000     
          88   0.0000000000000000     
          89   0.0000000000000000     
          90   0.0000000000000000     
          91   0.0000000000000000     
          92   0.0000000000000000     
          93   0.0000000000000000     
          94   0.0000000000000000     
          95   0.0000000000000000     
          96   0.0000000000000000     
          97   0.0000000000000000     
          98   0.0000000000000000     
          99   0.0000000000000000     
         100   0.0000000000000000     
         101   0.0000000000000000     
         102   0.0000000000000000     
         103   0.0000000000000000     
         104   0.0000000000000000     
         105   0.0000000000000000     
         106   0.0000000000000000     
         107   0.0000000000000000     
         108   0.0000000000000000     
         109   0.0000000000000000     
         110   0.0000000000000000     
         111   0.0000000000000000     
         112   0.0000000000000000     
         113   0.0000000000000000     
         114   0.0000000000000000     
         115   0.0000000000000000     
         116   0.0000000000000000     
         117   0.0000000000000000     
         118   0.0000000000000000     
         119   0.0000000000000000     
         120   0.0000000000000000     
         121   0.0000000000000000     
         122   0.0000000000000000     
         123   0.0000000000000000     
         124   0.0000000000000000     
         125   0.0000000000000000     
         126   0.0000000000000000     
         127   0.0000000000000000     
         128   0.0000000000000000     
         129   0.0000000000000000     
         130   0.0000000000000000     
         131   0.0000000000000000     
         132   0.0000000000000000     
         133   0.0000000000000000     
         134   0.0000000000000000     
         135   0.0000000000000000     
         136   0.0000000000000000     
         137   0.0000000000000000     
         138   0.0000000000000000     
         139   0.0000000000000000     
         140   0.0000000000000000     
         141   0.0000000000000000     
         142   0.0000000000000000     
         143   0.0000000000000000     
         144   0.0000000000000000     
         145   0.0000000000000000     
         146   0.0000000000000000     
         147   0.0000000000000000     
         148   0.0000000000000000     
         149   0.0000000000000000     
         150   0.0000000000000000     
         151   0.0000000000000000     
         152   0.0000000000000000     
         153   0.0000000000000000     
         154   0.0000000000000000     
         155   1.5034380937721081E-006
         156   2.3611639551474775E-006
         157   3.6695723219455279E-006
         158   5.6436983688090959E-006
         159   8.5897636872966627E-006
         160   1.2938307813281178E-005
         161   1.9286884106937059E-005
         162   2.8454057573596971E-005
         163   4.1546345619130000E-005
         164   6.0039438335951567E-005
         165   8.5874455166947276E-005
         166   1.2156907317997652E-004
         167   1.7034204246002478E-004
         168   2.3624785232910641E-004
         169   3.2431613074547977E-004
         170   4.4068780239214805E-004
         171   5.9273721847895940E-004
         172   7.8916659937099912E-004
         173   1.0400564766626073E-003
         174   1.3568537362901104E-003
         175   1.7522777584430878E-003
         176   2.2401254591684172E-003
         177   2.8349581788846261E-003
         178   3.5516576736599687E-003
         179   4.4048451430085010E-003
         180   5.4081662630072530E-003
         181   6.5734563121511401E-003
         182   7.9098121067892133E-003
         183   9.4226107238465310E-003
         184   1.1112527728234269E-002
         185   1.2974618488106387E-002
         186   1.4997533718942602E-002
         187   1.7162943283144341E-002
         188   1.9445239363397038E-002
         189   2.1811580722680034E-002
         190   2.4222323725498644E-002
         191   2.6631863663569743E-002
         192   2.8989882954264017E-002
         193   3.1242972874712002E-002
         194   3.3336565101992663E-002
         195   3.5217081204365543E-002
         196   3.6834185162540084E-002
         197   3.8143008510966976E-002
         198   3.9106211721731864E-002
         199   3.9695750120681168E-002
         200   3.9894228040139916E-002
         201   3.9695750120685679E-002
         202   3.9106211721736311E-002
         203   3.8143008510975650E-002
         204   3.6834185162540084E-002
         205   3.5217081204369546E-002
         206   3.3336565101985086E-002
         207   3.1242972874708452E-002
         208   2.8989882954257425E-002
         209   2.6631863663572768E-002
         210   2.4222323725495890E-002
         211   2.1811580722677554E-002
         212   1.9445239363399248E-002
         213   1.7162943283146291E-002
         214   1.4997533718942602E-002
         215   1.2974618488109336E-002
         216   1.1112527728235531E-002
         217   9.4226107238454589E-003
         218   7.9098121067892133E-003
         219   6.5734563121511401E-003
         220   5.4081662630060239E-003
         221   4.4048451430090015E-003
         222   3.5516576736599687E-003
         223   2.8349581788846261E-003
         224   2.2401254591684172E-003
         225   1.7522777584428886E-003
         226   1.3568537362899560E-003
         227   1.0400564766626073E-003
         228   7.8916659937090946E-004
         229   5.9273721847895940E-004
         230   4.4068780239214805E-004
         231   3.2431613074551663E-004
         232   2.3624785232907958E-004
         233   1.7034204246000543E-004
         234   1.2156907317997652E-004
         235   8.5874455166947276E-005
         236   6.0039438335944743E-005
         237   4.1546345619130000E-005
         238   2.8454057573593736E-005
         239   1.9286884106939251E-005
         240   1.2938307813279706E-005
         241   8.5897636872976385E-006
         242   5.6436983688090959E-006
         243   3.6695723219451107E-006
         244   2.3611639551477460E-006
         245   1.5034380937721081E-006
         246   0.0000000000000000     
         247   0.0000000000000000     
         248   0.0000000000000000     
         249   0.0000000000000000     
         250   0.0000000000000000     
         251   0.0000000000000000     
         252   0.0000000000000000     
         253   0.0000000000000000     
         254   0.0000000000000000     
         255   0.0000000000000000     
         256   0.0000000000000000     
         257   0.0000000000000000     
         258   0.0000000000000000     
         259   0.0000000000000000     
         260   0.0000000000000000     
         261   0.0000000000000000     
         262   0.0000000000000000     
         263   0.0000000000000000     
         264   0.0000000000000000     
         265   0.0000000000000000     
         266   0.0000000000000000     
         267   0.0000000000000000     
         268   0.0000000000000000     
         269   0.0000000000000000     
         270   0.0000000000000000     
         271   0.0000000000000000     
         272   0.0000000000000000     
         273   0.0000000000000000     
         274   0.0000000000000000     
         275   0.0000000000000000     
         276   0.0000000000000000     
         277   0.0000000000000000     
         278   0.0000000000000000     
         279   0.0000000000000000     
         280   0.0000000000000000     
         281   0.0000000000000000     
         282   0.0000000000000000     
         283   0.0000000000000000     
         284   0.0000000000000000     
         285   0.0000000000000000     
         286   0.0000000000000000     
         287   0.0000000000000000     
         288   0.0000000000000000     
         289   0.0000000000000000     
         290   0.0000000000000000     
         291   0.0000000000000000     
         292   0.0000000000000000     
         293   0.0000000000000000     
         294   0.0000000000000000     
         295   0.0000000000000000     
         296   0.0000000000000000     
         297   0.0000000000000000     
         298   0.0000000000000000     
         299   0.0000000000000000     
         300   0.0000000000000000     
         301   0.0000000000000000     
         302   0.0000000000000000     
         303   0.0000000000000000     
         304   0.0000000000000000     
         305   0.0000000000000000     
         306   0.0000000000000000     
         307   0.0000000000000000     
         308   0.0000000000000000     
         309   0.0000000000000000     
         310   0.0000000000000000     
         311   0.0000000000000000     
         312   0.0000000000000000     
         313   0.0000000000000000     
         314   0.0000000000000000     
         315   0.0000000000000000     
         316   0.0000000000000000     
         317   0.0000000000000000     
         318   0.0000000000000000     
         319   0.0000000000000000     
         320   0.0000000000000000     
         321   0.0000000000000000     
         322   0.0000000000000000     
         323   0.0000000000000000     
         324   0.0000000000000000     
         325   0.0000000000000000     
         326   0.0000000000000000     
         327   0.0000000000000000     
         328   0.0000000000000000     
         329   0.0000000000000000     
         330   0.0000000000000000     
         331   0.0000000000000000     
         332   0.0000000000000000     
         333   0.0000000000000000     
         334   0.0000000000000000     
         335   0.0000000000000000     
         336   0.0000000000000000     
         337   0.0000000000000000     
         338   0.0000000000000000     
         339   0.0000000000000000     
         340   0.0000000000000000     
         341   0.0000000000000000     
         342   0.0000000000000000     
         343   0.0000000000000000     
         344   0.0000000000000000     
         345   0.0000000000000000     
         346   0.0000000000000000     
         347   0.0000000000000000     
         348   0.0000000000000000     
         349   0.0000000000000000     
         350   0.0000000000000000     
         351   0.0000000000000000     
         352   0.0000000000000000     
         353   0.0000000000000000     
         354   0.0000000000000000     
         355   0.0000000000000000     
         356   0.0000000000000000     
         357   0.0000000000000000     
         358   0.0000000000000000     
         359   0.0000000000000000     
         360   0.0000000000000000     
         361   0.0000000000000000     
         362   0.0000000000000000     
         363   0.0000000000000000     
         364   0.0000000000000000     
         365   0.0000000000000000     
         366   0.0000000000000000     
         367   0.0000000000000000     
         368   0.0000000000000000     
         369   0.0000000000000000     
         370   0.0000000000000000     
         371   0.0000000000000000     
         372   0.0000000000000000     
         373   0.0000000000000000     
         374   0.0000000000000000     
         375   0.0000000000000000     
         376   0.0000000000000000     
         377   0.0000000000000000     
         378   0.0000000000000000     
         379   0.0000000000000000     
         380   0.0000000000000000     
         381   0.0000000000000000     
         382   0.0000000000000000     
         383   0.0000000000000000     
         384   0.0000000000000000     
         385   0.0000000000000000     
         386   0.0000000000000000     
         387   0.0000000000000000     
         388   0.0000000000000000     
         389   0.0000000000000000     
         390   0.0000000000000000     
         391   0.0000000000000000     
         392   0.0000000000000000     
         393   0.0000000000000000     
         394   0.0000000000000000     
         395   0.0000000000000000     
         396   0.0000000000000000     
         397   0.0000000000000000     
         398   0.0000000000000000     
         399   0.0000000000000000     
         400   0.0000000000000000     
